78
104
97.0
95.6
108
95.6
95.7
100
95.5
95.5
95.4
97.7
95.3
95.4
113
96.2
124
101
97.9
101
98.0
99.2
96.5
96.5
99.3
95.4
95.9
98.0
101
96.5
105
108
117
128
105
109
101
102
100
100
102
99.4
110
97.0
97.4
97.6
102
128
98.2
105
109
134
100
95.5
96.0
97.3
102
103
101
105
96.7
98.5
121
107
96.3
96.3
99.7
96.2
96.0
106
96.0
96.5
95.4
104
103
97.2
95.5
120
95.7
95.3
98.5
106
97.3
95.5
103
100
95.7
96.3
117
114
117
96.4
109
129
96.1
98.2
96.9
97.0
97.0
997.9
997.7
999.6
996.4
996.1
9104
998.6
995.4
996.9
9139
995.7
996.1
9100
996.5
9100
995.8
996.1
999.3
995.3
9107
996.0
998.1
9108
9104
9124
996.6
999.3
9114
999.5
996.6
9107
9107
9106
9105
9106
997.0
9103
996.2
9109
995.6
999.4
997.5
9105
9121
999.0
9122
9118
998.8
9101
9105
995.5
997.4
9127
998.9
9126
997.2
997.0
995.8
9106
996.8
996.3
996.8
996.7
995.9
995.9
996.3
998.5
9106
9146
997.1
995.7
997.2
9105
997.7
9101
995.7
999.5
996.5
9135
9109
998.1
997.1
999.0
997.2
997.2
9112
9106
9107
9105
9114
997.8
9105
9105
999.6
9101
995.7
999.6
9106
997.3
9106
9107
996.9
997.4
9105
9102
9101
996.7
9127
996.7
998.2
997.1
999.0
9111
996.3
995.7
999.8
996.0
997.1
9112
996.3
996.3
996.3
995.7
998.3
998.0
9130
998.5
997.2
9112
9111
9112
9111
9110
9111
9109
9107
9109
9109
9104
9110
9104
9103
9103
9105
9152
9105
9124
9122
9100
996.7
996.6
9109
998.7
998.2
9101
996.4
9103
9121
9125
998.8
9101
996.1
9136
9101
9128
9118
9117
997.2
998.9
9100
9120
9137
9114
9111
9197
9199
9113
9123
9110
9113
9108
9109
9111
9150
9108
9110
9107
9108
9107
9104
9117
9151
9105
9113
9103
996.5
9102
996.9
9102
999.0
9104
998.6
998.7
997.6
997.1
9106
9112
9105
996.8
996.5
997.1
9103
9106
998.0
9107
995.5
999.3
998.3
999.5
995.6
9144
9105
995.4
995.5
997.0
998.2
997.0
997.3
998.8
9119
9114
999.5
9104
995.9
9104
997.2
9119
9109
9106
9106
9103
9104
9139
995.4
9100
996.5
995.3
997.3
9107
9102
996.0
997.2
9125
998.1
9114
9100
9120
9119
9120
9116
9116
9115
9115
9112
9105
9102
9115
9132
9110
998.2
997.7
999.6
996.1
9104
9107
996.1
997.7
997.1
999.5
998.3
997.9
9108
9143
9104
9110
998.6
997.9
9109
9109
9111
9105
9108
996.1
996.1
9123
9102
997.6
9151
998.8
9104
997.8
9107
9108
9102
9102
996.9
999.6
9121
997.7
9126
9124
999.1
9120
9105
996.0
997.2
9113
996.5
998.6
996.9
995.1
9108
9131
998.2
999.2
999.7
996.2
996.2
999.1
995.7
9179
999.2
996.2
9103
9106
9119
9116
9117
9116
9118
9112
9109
9155
9108
9109
9131
9107
9106
9103
9104
9102
9100
9102
9100
999.2
997.9
996.6
997.7
996.4
9119
9124
9117
9194
9116
9117
9114
9116
9113
9115
9112
9109
9111
9134
9143
9107
997.1
999.8
9131
9103
9102
997.5
9125
9103
9108
9103
9114
9103
9107
999.2
9139
996.9
996.0
995.8
9198
9110
9175
998.7
997.8
996.5
996.0
997.2
996.8
997.2
998.0
9115
997.5
995.8
997.0
998.3
9106
9106
9105
9105
9128
997.1
999.5
997.0
996.8
997.3
998.6
996.9
996.3
999.2
9102
996.1
9172
9114
997.4
996.4
9104
999.4
9110
9109
9107
9112
9129
9103
9102
9102
9180
999.5
9127
999.6
9124
997.2
9101
995.4
9101
995.8
9102
9109
996.9
9101
997.7
9101
9100
9101
998.8
9111
9107
9109
997.3
999.3
9104
999.7
997.6
996.3
995.7
9101
9121
9124
9120
997.0
996.0
9111
9105
996.1
9107
9108
9109
9112
9109
9105
998.4
995.8
995.7
9113
9103
9103
996.9
9100
9102
999.3
997.5
996.7
997.2
9108
9128
996.7
999.6
998.8
998.4
996.0
999.8
9102
9125
9102
9107
996.7
999.6
9126
9132
9121
998.7
9119
9119
9120
9116
9122
995.6
996.8
996.5
998.2
997.7
996.3
999.5
995.7
9114
995.5
999.1
995.8
9100
996.8
9129
9129
9129
9126
996.9
996.4
997.6
997.3
999.3
9104
9148
9123
9123
9145
9120
9118
9119
9117
9116
9117
9113
9113
9113
9111
9111
9150
9112
9109
9109
9107
996.4
9102
999.2
9105
9105
9104
9103
9126
9101
9100
9118
9125
9124
997.4
996.5
996.1
997.8
9121
9121
9119
9117
9127
9121
9111
9111
9134
9110
9111
9109
9107
9108
9106
9107
9104
9110
9105
9102
9102
999.7
999.2
9122
9121
9116
9116
9115
9115
9114
9112
9111
9112
9113
9110
9109
9108
9109
9109
9111
9107
9107
9104
9140
9101
9100
998.0
9103
9121
9120
9120
9119
9145
9118
9117
9119
9116
996.5
9115
996.1
997.6
999.5
997.9
997.0
9102
996.7
997.7
996.4
995.9
9100
997.1
997.5
997.1
995.9
9114
9105
9105
9129
9104
9124
999.2
9121
9122
998.1
996.9
996.7
9117
9116
9116
9115
9104
999.8
997.9
9137
9111
9108
9107
9106
998.3
9101
9107
9107
9104
9103
9126
9102
999.5
9100
9101
997.1
996.9
9120
9119
9101
9112
9111
9103
9111
996.5
9100
9105
996.2
9100
999.4
995.4
9101
9104
9103
9101
9105
999.6
9102
998.7
996.4
9120
9121
9118
9117
9116
9115
9114
9113
9111
9112
9111
9113
9111
9119
9107
9108
9106
9105
9105
9104
9115
9103
9102
9101
995.8
9105
999.4
9113
995.9
999.3
9102
998.1
9113
997.4
996.2
9101
9117
996.6
998.4
9116
996.2
996.7
9111
9114
997.5
996.7
996.3
995.3
995.8
996.0
9123
997.4
996.4
997.4
996.5
9103
9116
9124
9120
9121
9123
9121
9118
9117
9104
995.9
9115
9138
9115
9118
9113
9136
9111
9111
9110
9110
9111
9108
9108
9108
9166
9105
9143
9103
9177
9146
9106
9171
9153
996.5
9149
9163
996.4
9131
995.5
996.1
9137
996.7
996.5
9143
996.6
9198
9186
9122
9120
9151
9123
9117
9134
9113
9188
9112
9159
9108
9110
9107
9159
9171
9106
9157
9104
9103
9155
9102
9108
997.4
9107
9123
9104
996.3
999.9
9136
9103
9102
9102
996.3
995.4
998.6
997.3
9111
999.0
9104
9129
9105
9102
996.2
9138
999.2
996.0
9102
998.1
9108
996.3
9105
9104
998.1
995.7
9105
9129
997.0
996.8
996.2
9103
9104
996.9
998.0
996.1
996.7
3996.2

95.9
98.1
97.6
101
105
99.7
96.7
108
96.5
95.9
96.6
95.6
95.5
97.9
97.2
112
112
110
98.2
97.5
107
96.3
97.0
132
105
95.7
96.7
96.1
97.5
95.8
95.3
98.8
96.7
102
101
96.7
96.5
97.0
124
106
95.7
97.5
99.6
96.5
97.9
98.0
99.6
106
117
98.0
96.0
98.5
96.0
98.1
122
96.5
112
118
97.5
105
99.0
97.4
101
99.9
115
115
111
112
98.7
167
102
99.1
96.7
108
112
118
102
105
99.7
97.2
102
120
96.0
99.1
97.7
109
97.7
104
100
128
98.0
108
126
119
99.2
97.1
122
98.0
96.6
9102
996.1
995.6
9106
998.5
9100
9109
9103
9109
9107
996.3
9105
9103
9130
9102
9104
9100
9103
9104
998.9
9107
9137
9103
9101
9102
9122
9118
9101
9117
9101
9105
997.1
996.3
996.8
9127
9119
9104
9117
9116
9113
9124
9111
9103
9113
9140
9109
9118
995.8
9110
9110
9101
9102
9104
9105
9104
9128
9108
999.4
9131
9102
9100
9148
9128
9123
9129
9122
9124
9119
9119
9125
9116
9123
9115
9114
9168
9111
9110
9112
9112
9109
9106
9130
9110
998.2
9102
997.1
9103
998.5
999.1
9131
9106
998.2
9101
998.6
9101
996.4
997.0
998.7
9118
9100
9102
995.4
9102
997.4
998.0
9102
9109
9110
9109
9124
999.9
9105
9108
9105
997.2
9126
999.1
9124
998.4
9140
998.7
998.7
9128
998.0
9118
9106
997.1
9125
9102
9104
998.6
997.7
998.3
9100
995.7
9112
999.4
997.2
999.5
9138
9113
997.7
9106
9100
9102
9100
998.8
9101
9114
995.8
9103
9111
9108
996.2
9114
996.5
996.1
998.2
9102
998.4
996.0
998.4
9102
9103
9105
995.5
996.2
996.0
997.3
995.8
9139
995.8
9123
997.1
995.4
996.7
998.5
997.0
995.6
996.1
996.7
997.1
995.9
998.1
996.2
997.1
9104
995.6
9103
997.6
995.9
9122
998.5
996.6
998.9
999.2
996.7
9104
9120
9118
9101
9156
999.7
999.7
998.6
998.2
996.3
995.7
996.1
996.3
9102
999.1
998.7
9105
9107
9110
9108
996.1
998.7
998.5
9104
9118
9104
9112
997.5
9103
998.5
997.7
999.4
995.5
9128
995.7
997.2
996.2
995.5
996.7
9103
999.4
998.0
996.9
9110
997.3
997.2
9101
9124
9107
9101
998.0
9105
995.7
995.6
996.4
9102
9166
995.6
9100
997.2
999.4
998.7
9131
9117
9101
9114
996.8
9126
9103
9104
9175
9100
997.8
997.2
9111
9100
9119
9117
9126
9107
9111
9108
9105
999.3
9173
998.4
9104
9111
996.9
9106
9118
995.9
9100
996.7
999.8
996.7
997.0
995.3
9113
995.8
996.1
9173
9114
9102
9105
995.2
996.1
995.8
9132
9116
9107
9104
9158
997.7
9101
999.1
9121
9112
996.0
996.6
995.8
996.5
995.5
9124
999.2
9121
9121
9120
9119
9122
9120
995.4
9173
9116
9120
9137
9114
9113
995.3
9100
999.9
996.8
996.3
9119
995.4
9110
996.4
999.3
9111
996.5
9104
9105
9105
9132
9111
9102
996.7
995.7
997.1
996.5
995.6
996.3
996.4
9116
996.1
995.3
9106
9100
9104
996.9
9103
997.2
9103
998.2
9120
995.8
995.9
995.1
997.3
995.4
996.0
995.6
995.1
995.3
9100
996.7
9112
996.6
995.9
998.4
995.7
996.7
995.9
997.2
997.3
997.8
998.3
9109
995.6
995.4
9114
995.9
9103
9110
9111
9108
9107
9108
996.7
9107
9105
9103
999.3
995.4
996.9
9101
997.3
9110
995.4
9114
996.2
9116
998.9
998.3
996.0
997.5
995.7
9100
9100
997.1
996.7
9103
9103
997.0
995.9
9102
997.5
9109
9103
996.1
9116
9104
995.4
9100
9107
998.9
997.7
996.4
9101
997.7
9114
996.5
9102
998.5
998.1
999.2
996.1
999.5
9123
9122
9121
9102
995.5
9113
9111
997.3
997.6
9101
996.0
996.1
997.4
999.6
998.2
995.4
9106
996.9
997.9
9112
9109
9113
9138
998.0
998.0
9100
9103
9103
995.3
995.8
995.6
998.6
996.8
998.4
9101
997.0
999.6
9123
995.4
9110
997.3
9106
9108
9152
9117
9106
9114
998.2
996.1
9103
996.2
995.5
9141
996.8
997.4
9124
9120
9120
9124
996.8
9109
9101
9104
996.4
995.6
996.0
9106
996.8
9106
995.4
995.7
997.8
9103
9123
996.6
996.7
995.9
995.4
997.2
997.2
999.5
9108
9152
996.2
996.8
996.4
995.5
997.4
996.5
9101
9105
996.6
9114
9111
996.9
9100
996.2
9116
9119
9110
9108
9108
9110
9101
997.8
9102
997.3
9104
9104
999.0
9130
9102
9104
9163
997.7
9100
997.9
997.0
995.9
997.8
9108
997.4
997.7
9140
998.4
9112
998.7
9102
9156
997.4
9105
996.6
997.0
997.5
9101
995.8
996.4
995.7
996.4
9105
9105
9115
996.9
998.7
997.8
9119
9119
9118
9117
9118
9115
9115
9115
9119
9100
9111
9111
9117
9110
9109
9136
9107
9108
9134
9101
9103
9106
9112
996.5
996.9
995.7
9104
996.6
9103
9108
997.2
9100
995.8
9119
9101
9111
9102
9123
9100
9102
9122
9121
9121
9116
9349
9180
9125
9126
9120
9125
9121
9145
9103
9135
9125
9117
9116
9115
9112
9114
9113
9135
9106
9101
9105
998.7
9104
9106
9103
9124
997.3
995.8
998.2
9103
9100
998.3
998.2
9126
996.9
996.5
998.1
9104
996.8
9101
996.4
995.1
997.4
997.1
995.7
996.9
996.5
9125
995.9
995.4
995.3
997.0
9100
9106
998.1
9108
9100
9103
9109
997.0
996.6
9101
996.5
9100
996.6
9115
9114
9113
995.3
9120
998.4
999.6
995.7
996.6
995.6
997.1
997.6
996.7
9119
9108
998.5
9125
9104
9103
9103
9126
9125
9100
9101
9100
998.2
9107
9102
9102
9119
996.7
997.2
998.4
999.3
998.2
996.4
996.0
999.5
995.2
997.1
9104
9100
997.0
997.4
9104
9139
9107
9105
997.8
999.7
9104
9104
9107
9101
9103
997.9
9124
9122
9105
9101
9149
9100
9106
9100
9105
9106
9101
9101
995.9
999.2
9122
997.1
9127
9125
9100
9121
9106
997.0
998.1
996.9
997.5
998.1
995.8
995.4
9110
997.4
999.2
997.7
999.2
996.7
995.9
9100
996.7
9178
999.8
996.1
9103
9107
9120
9117
9117
9114
9118
9111
9109
9154
9107
9108
9130
9106
9105
9102
9103
999.6
9123
999.1
997.1
9122
9118
9120
9119
9148
9117
9123
9116
9193
9117
9116
9114
9114
9112
9113
9111
9111
9110
9132
9142
9106
9125
998.3
9130
9105
9102
9107
998.3
9124
9103
9108
9102
9113
9104
9106
997.3
9137
997.5
996.0
996.4
9199
9111
9176
996.6
998.0
996.1
996.2
996.2
9101
996.4
997.3
9115
996.5
996.6
995.9
999.6
9107
9105
9105
9106
9103
998.1
9100
999.1
996.6
995.9
9107
3996.7

120
117
114
114
113
133
113
112
109
111
106
106
105
109
104
104
103
96.7
122
96.3
99.8
102
98.5
96.2
95.7
97.9
97.8
106
130
97.6
104
103
102
96.5
95.3
99.9
120
98.6
97.3
99.5
97.3
106
112
95.7
101
105
101
117
115
115
113
112
112
119
106
120
96.9
106
96.2
95.6
114
96.1
98.0
95.9
97.8
104
102
139
101
102
97.0
104
99.4
101
126
109
98.1
101
98.3
101
98.1
111
96.1
159
98.4
101
98.3
104
104
95.9
95.7
97.6
116
97.1
106
107
96.4
103
116
998.3
995.3
998.0
996.8
996.7
9105
996.9
9102
997.2
997.1
996.9
996.2
9112
996.7
995.4
9152
9101
995.3
996.6
9101
9101
996.2
995.7
997.2
9105
9105
9105
9107
9107
9100
999.1
996.8
9104
9106
9102
9111
997.2
995.6
998.8
9107
995.5
996.8
995.8
995.6
995.3
9100
997.6
998.7
9114
9118
9123
997.8
999.9
995.4
9106
996.6
996.5
998.7
9102
9108
9100
9101
996.8
9110
996.2
9101
9108
997.2
9102
9106
998.4
9101
995.8
999.5
997.6
995.5
997.5
9104
997.7
9103
9107
9117
9100
996.2
996.6
9157
9134
9102
9110
996.2
996.0
998.4
9114
9114
9115
9113
9112
9154
9100
9102
9150
996.5
996.9
9103
9111
9100
9115
9104
9112
9101
9132
9102
9139
996.6
9103
9116
997.7
998.7
999.5
996.1
998.0
9101
998.5
996.7
9149
9102
9159
995.6
998.1
996.8
996.2
9191
996.8
995.3
9108
996.4
998.3
9126
9112
9112
9108
9149
996.5
9101
996.0
996.2
9189
9102
996.6
998.7
996.2
998.0
9114
9175
995.2
9120
9171
9118
9117
9120
9124
9147
9113
998.0
9112
9186
9113
9110
9118
995.7
996.8
9107
9101
997.2
997.1
995.8
996.4
996.7
999.9
995.6
9127
998.0
9121
9118
9120
996.9
995.6
998.0
995.5
9125
995.2
997.0
997.4
996.8
9107
9102
998.3
999.8
995.2
9141
9103
995.8
9112
9108
998.5
997.4
998.8
996.0
997.9
995.1
998.5
995.4
9113
9107
9109
9136
9113
996.8
996.5
9101
995.7
995.8
996.7
996.0
995.2
998.5
9102
9102
996.7
995.6
9154
9112
9103
999.3
9101
9135
999.6
997.2
9123
9122
9121
995.8
995.2
996.1
995.5
995.6
996.0
9106
9113
997.6
9113
997.0
998.8
996.1
9106
997.0
9102
9107
9103
9100
9107
998.8
997.5
9105
9101
997.7
9102
9101
997.6
995.6
997.2
9105
995.5
9103
997.7
9118
9103
9100
996.1
9105
996.1
996.2
995.7
997.4
997.8
999.3
996.6
997.5
9118
9116
9117
999.3
995.8
997.1
9117
9105
998.9
996.2
998.5
996.3
997.5
997.1
995.7
998.1
995.4
998.4
999.9
999.2
999.1
998.3
9106
995.4
9143
995.8
999.4
997.5
996.2
996.2
9100
998.1
9102
997.0
997.0
996.2
9112
998.8
9100
996.9
996.0
9113
9113
9111
9116
9112
9108
9117
995.9
997.4
996.2
9109
9116
9112
9105
9107
9105
9103
995.9
999.5
9101
997.4
996.4
998.0
9101
996.1
999.1
996.8
997.8
995.4
997.2
9104
999.9
9105
996.3
996.8
997.7
995.5
997.9
9103
998.0
997.2
9130
9100
995.3
996.3
995.9
996.7
995.4
999.4
996.5
9121
999.5
998.8
9101
997.0
9104
9139
9122
9120
9123
9128
9119
997.5
9101
9103
9107
9103
998.2
9111
996.1
9133
9112
995.9
9120
999.9
998.5
996.9
995.7
996.7
999.3
9106
9115
9111
995.7
995.1
997.2
9112
996.2
997.4
996.3
996.7
996.2
996.6
997.4
995.3
995.9
997.5
996.1
9108
995.3
996.7
996.1
9145
9118
9115
9116
9113
9112
9111
9113
9109
997.0
9121
9115
9112
9110
9112
9108
9136
9105
9101
9133
996.9
9101
997.5
996.1
9120
998.0
9105
9102
995.9
9101
9105
9126
9119
998.4
9120
9121
999.3
9111
9119
9116
9150
9115
9118
9112
9251
9123
9116
9113
998.4
9113
9109
999.9
9120
9121
9110
9131
9103
9102
9130
997.0
9128
9110
9103
9104
9118
996.4
9101
997.5
999.4
996.5
9100
997.8
997.5
995.5
996.0
9106
9108
9113
9101
9101
9105
996.7
997.8
996.7
996.3
998.1
996.2
997.3
995.3
9112
995.6
995.8
996.4
9102
9101
997.9
996.0
996.0
9122
995.7
996.4
9108
996.4
997.9
9101
9107
9103
996.9
9115
9115
9116
9112
997.9
995.9
998.6
996.1
996.2
996.5
9101
9146
9102
9108
9100
9114
996.3
9104
9107
9102
9101
9150
999.7
9121
999.9
9100
9105
9107
998.9
9172
996.9
996.4
998.3
996.1
9107
995.6
995.7
996.5
998.3
998.2
997.9
996.2
997.4
997.8
9104
9102
995.8
9139
995.7
9106
9106
9116
9144
9104
998.1
9123
9102
9101
998.5
9110
9123
996.9
996.1
996.6
997.1
998.0
997.4
996.2
9106
9115
9118
9118
9128
998.3
9101
9124
995.3
995.1
996.6
9105
9101
996.5
998.4
9135
9107
9113
9110
995.4
997.3
9117
9122
9141
9150
996.8
996.3
995.4
9140
9133
9108
9109
9108
9141
9107
9134
9104
9107
9140
9125
9148
9122
9122
9120
9117
9119
9116
9116
9113
9111
9111
9110
9109
9129
9160
9107
9183
9143
9124
9104
9103
9102
9102
9102
998.4
998.7
9122
9120
9120
9149
9117
9105
997.9
9124
9113
9115
996.5
9139
9110
9104
9100
9105
9109
9137
9199
996.9
9108
998.8
9162
996.6
9142
996.1
995.9
9101
9127
996.8
995.4
998.6
996.7
9143
997.0
9102
9102
997.2
9105
999.9
9117
9116
9114
997.1
996.1
9103
999.2
997.0
9118
999.1
995.5
996.0
996.0
9104
9103
9142
995.2
996.7
995.8
9105
9100
9117
9102
9101
9174
9136
9123
9120
9123
995.7
9140
9115
9116
9114
9114
996.8
995.5
995.9
9101
996.4
997.2
9107
997.3
995.2
996.2
997.7
9103
995.5
9102
9106
9101
995.4
995.3
996.8
998.6
9103
998.1
996.7
995.7
998.3
9117
9120
995.5
996.2
996.3
9102
996.8
996.1
997.2
9107
9122
999.1
9103
9104
9117
9137
996.4
999.8
996.2
9120
996.0
9113
998.0
999.1
9100
9121
9103
9103
9130
9101
999.7
9104
9121
9104
9131
998.4
9112
9152
9123
9124
9122
9122
9121
995.9
9119
9117
995.6
9114
9105
997.2
9102
996.3
997.7
995.8
9103
9103
9107
995.9
9102
9103
9103
9131
9102
9102
9100
996.6
997.6
997.2
9125
999.2
998.3
9119
9118
9117
9116
9115
9113
9113
9111
9114
9110
9109
9112
9108
9107
9106
9110
9129
9103
9104
9102
996.1
9103
995.5
998.7
997.3
9122
9119
9118
9118
9121
9120
9129
9117
9114
9117
9115
9112
9112
9111
9109
9134
9104
9165
9103
9102
39100

104
96.0
97.9
102
132
109
97.4
103
102
100
105
98.4
100
112
97.5
113
111
104
95.6
106
110
95.0
97.6
95.2
99.1
95.8
96.3
100
102
108
95.3
96.3
96.0
99.2
95.5
132
97.5
117
95.3
97.7
95.6
96.1
95.8
95.9
97.9
102
106
95.4
96.6
95.9
98.3
97.2
98.4
101
95.6
97.4
114
99.3
99.0
98.8
104
95.2
111
112
111
101
149
96.4
103
95.3
99.3
96.1
96.5
95.7
124
97.2
99.3
96.4
95.7
100
120
118
112
96.0
99.7
96.3
122
100
97.0
97.9
104
96.5
123
95.3
119
104
130
103
995.8
998.4
999.0
997.6
9100
995.3
996.3
995.5
996.1
9104
9111
999.6
996.1
999.1
995.9
9101
997.8
995.6
9104
9153
996.0
995.1
995.7
995.9
9105
9116
9102
999.8
9128
999.4
9110
9126
9111
9163
997.5
996.3
997.7
998.1
995.3
9109
9105
9113
9117
999.9
996.8
9101
995.6
9161
997.0
9102
9107
995.7
9112
9103
9104
9107
998.2
9165
997.6
995.3
998.7
9103
996.6
996.3
9185
9100
9104
997.1
9108
996.4
995.6
9118
9116
9121
995.4
9142
996.5
996.0
997.1
9107
9104
9101
995.4
9102
995.8
995.1
9109
995.8
9105
9107
9104
9102
9125
9102
9100
9156
999.2
9104
9121
9124
9120
998.2
9121
998.0
996.9
997.5
9106
995.1
998.3
9106
995.8
996.0
9100
997.9
9113
9114
9116
9127
9112
997.2
995.9
998.0
995.4
995.2
998.5
9107
999.9
995.5
998.3
995.9
996.6
995.9
998.9
9108
9108
9113
996.1
9107
996.0
995.4
9101
995.9
996.1
996.5
995.4
995.8
9120
999.3
997.2
9105
996.2
996.9
998.2
9119
995.9
9103
995.4
996.0
997.5
996.1
996.4
9120
9101
9102
9100
9101
998.4
999.6
996.8
9120
9124
996.2
9157
9118
996.4
995.1
995.9
995.4
996.0
995.5
9100
9105
9105
995.7
9108
999.0
997.4
995.5
998.6
996.0
996.3
999.5
9103
9101
995.9
996.7
996.2
9125
998.9
995.4
9104
997.1
995.5
9108
9100
999.2
996.9
9102
997.0
997.9
997.7
995.7
9104
9112
997.7
997.6
995.1
998.1
998.8
996.8
995.8
9116
9116
9141
997.3
997.3
9107
9107
9100
995.7
996.2
995.9
9100
995.4
997.0
996.1
995.2
9106
9109
9101
9103
9101
9103
9129
995.0
997.6
996.0
996.8
999.1
996.5
997.7
996.0
995.5
995.8
997.3
996.9
995.7
9115
9115
995.6
9105
996.0
9101
9105
9148
9115
9102
9110
995.3
998.5
999.2
996.9
996.6
9137
998.4
9101
9122
9116
9118
9119
998.7
9106
9109
9105
9100
9104
996.5
996.1
9102
995.6
9102
995.6
995.2
995.3
9102
9120
9101
996.6
995.2
994.7
995.0
997.3
9107
9105
9147
996.6
9104
996.4
996.4
997.3
997.2
996.4
9100
997.2
9107
9103
996.2
998.0
995.3
9113
9112
9125
9125
9125
9102
9104
999.5
996.5
9104
9111
9104
9121
9102
997.6
9154
996.6
995.7
996.3
9113
997.0
997.4
9100
997.9
9143
999.5
999.5
9108
995.9
9145
9115
9109
9105
998.7
997.6
996.7
996.6
997.4
996.1
995.8
996.8
995.8
9118
996.0
9100
9145
9105
9104
9129
9103
9105
9101
9101
9102
9105
995.9
998.7
9125
9125
999.5
9199
9124
9122
9120
9121
998.1
997.5
998.4
9101
9102
9109
997.4
999.2
995.6
9123
9119
9102
9103
9100
9115
996.0
9111
9110
9109
9114
998.8
995.5
9108
9107
9115
9103
9336
9168
9113
9114
9109
9113
9109
9133
9107
9132
9113
9129
9103
9118
999.9
9103
9126
9110
9102
9107
9101
9104
995.7
9113
9100
9107
998.3
997.2
995.2
995.1
9103
9126
9101
9107
995.8
9119
995.7
997.4
995.1
996.4
995.6
996.7
995.1
995.6
996.3
9106
9101
996.2
9107
997.4
996.2
998.0
996.7
997.5
9113
997.6
996.4
996.9
996.8
9103
9115
995.7
9106
9124
9120
9120
9102
9119
995.4
996.3
995.5
996.2
997.1
999.4
9151
997.8
997.3
9105
998.0
9107
9104
9104
9103
9102
9124
9101
998.8
995.8
9120
9106
999.5
996.7
996.0
997.0
995.5
998.9
997.4
9118
998.5
9108
995.9
999.6
997.2
9102
998.6
997.4
997.2
9104
9116
9105
9147
996.7
9104
9113
9113
9106
999.7
9101
9116
998.0
9106
9103
9122
999.4
996.2
998.7
9100
9106
997.5
999.7
997.8
996.4
9118
9119
9113
9112
996.8
9111
9119
995.6
996.5
996.2
9101
999.3
995.4
9142
996.0
9109
9116
997.7
996.1
996.3
9116
9132
9104
9147
995.2
997.6
9134
9117
9110
9110
9136
9126
9125
999.3
9122
9145
9123
9119
9124
9117
9117
9115
9114
9114
9114
9112
9111
9110
9109
9110
9143
9108
9108
9107
9160
9128
9105
9104
9103
9103
9101
9100
9106
9103
997.8
9138
9120
996.5
997.9
9122
9160
9122
9104
9123
9104
9108
9111
9106
9103
9105
9168
999.9
9127
9103
997.7
9155
9103
9132
9111
996.7
996.4
9115
998.1
9105
9130
9114
9139
9105
9107
996.3
998.7
9108
9107
9110
9107
999.1
9101
996.1
995.5
9125
9109
9160
998.4
995.0
995.8
995.1
9104
996.1
9128
995.7
9103
995.5
9107
9102
9122
9114
9154
9114
9138
9114
9110
9110
9136
9109
9107
997.2
9104
997.4
997.3
997.2
996.1
996.4
9145
998.6
9100
9102
9133
9105
996.3
996.6
999.0
9119
9114
9113
996.7
995.1
997.0
997.9
995.2
997.1
998.5
998.6
9107
9117
9106
995.7
998.2
9111
9102
9104
9104
9106
9109
9111
9103
9101
995.5
9105
999.5
9123
997.9
9100
998.8
998.0
9103
997.6
9101
9103
9105
995.9
998.1
9102
995.3
9116
9100
996.1
9113
9103
9114
9123
9119
9117
9118
9116
9115
9114
998.8
9115
9113
9111
9111
9109
997.9
995.3
9103
998.7
998.1
997.7
995.4
9102
9107
996.1
995.1
998.6
998.9
997.3
9123
9123
9122
9118
997.1
996.2
9116
9116
996.8
9116
9119
9119
9114
9114
9113
9116
9113
9111
9110
9109
9108
9108
9108
9112
9107
9129
9105
9105
9107
9103
998.0
998.3
997.5
9122
998.4
9121
9119
9118
9117
9116
9123
9142
9114
9113
9167
9113
9112
9113
9112
9110
9110
9110
9110
9108
9108
9106
9137
9105
9104
9104
9102
9104
9140
9101
9101
998.3
9102
9124
998.4
9121
9120
9120
9118
9118
9118
9117
9116
9118
9114
9113
9114
9116
9115
9112
996.5
9110
9107
9165
9105
9132
9107
9102
9107
9129
9127
997.4
996.7
9111
9124
9136
9121
9121
9120
9149
9118
9117
996.1
9115
999.2
996.7
997.1
9105
998.1
998.2
999.6
996.8
9101
999.5
998.9
997.5
9102
996.1
39107

99.0
104
140
102
130
96.7
96.2
97.4
104
97.2
98.9
102
101
104
105
103
97.7
101
95.7
112
111
96.5
96.1
99.8
103
96.1
96.4
98.0
96.1
98.2
99.0
97.9
96.5
108
95.6
128
97.1
100
161
97.0
134
101
111
95.3
95.3
101
112
111
111
111
148
98.9
108
102
144
95.5
105
98.5
107
112
104
110
108
129
154
96.5
127
96.5
141
96.5
115
105
96.8
103
102
102
105
108
97.0
145
97.6
101
96.7
95.4
96.1
95.3
169
103
103
110
102
96.0
99.4
126
96.8
102
96.5
125
96.1
995.9
995.9
998.1
9103
995.4
995.4
996.4
995.9
9112
9174
995.8
9113
9155
9112
9112
9110
9108
995.6
9141
9112
9107
9104
9107
9131
9103
9124
9101
9121
9100
999.2
997.8
995.5
997.3
996.1
999.5
999.0
997.0
9119
9120
998.5
9138
9117
995.2
996.4
995.7
995.4
996.2
996.8
9110
997.6
996.7
997.3
996.9
996.7
996.4
996.7
9138
997.1
996.2
996.1
9115
999.7
996.3
999.2
995.1
995.6
9102
996.5
9128
9105
996.5
9129
9103
998.3
996.5
996.4
9110
995.3
997.2
995.4
995.6
998.4
9101
998.9
9108
999.1
9113
995.6
996.9
9114
9111
9108
9109
9112
997.3
9148
9103
997.5
9104
996.4
995.6
996.3
997.3
9104
9103
9101
9103
995.6
997.1
996.2
9102
996.8
9101
9120
9101
9107
995.8
996.6
996.6
9107
9106
996.1
997.3
9100
9106
997.8
995.9
997.3
999.3
995.8
998.8
995.3
9121
995.6
995.5
995.6
9104
995.5
9101
995.0
997.7
9101
996.0
995.7
9122
9117
9117
995.5
995.8
996.3
9123
995.3
997.0
996.1
996.4
995.3
995.2
9105
996.2
9103
997.6
995.6
996.2
9103
999.9
997.0
9111
9106
995.2
9129
996.6
9104
995.5
999.0
995.2
996.2
9101
998.0
9110
997.8
997.3
9101
996.1
9108
996.0
9104
9108
9128
9107
9105
9106
996.5
9101
997.5
995.3
996.8
9117
9100
9103
9126
9123
9123
9101
995.5
9106
9103
9102
996.3
997.6
996.6
9103
996.1
997.0
996.7
995.9
995.4
997.9
9104
9105
995.7
995.5
995.8
997.9
995.8
9101
995.1
996.2
9135
996.4
998.5
996.4
999.6
995.5
996.8
996.7
9106
9101
9120
9119
995.3
998.6
997.3
9107
9105
9123
9122
9122
9122
9107
9101
996.8
996.7
9109
9108
9104
9118
9100
998.6
9152
995.1
9103
995.7
9118
996.4
998.3
999.0
995.7
9144
9100
9101
9109
996.5
9146
9116
9110
998.3
997.2
997.9
995.5
999.3
996.3
996.0
996.3
996.4
997.5
9117
996.4
999.3
9144
9104
9104
9128
9101
9103
999.0
9123
9100
9103
997.2
9124
9124
9123
9101
9198
9124
9124
9121
9122
999.9
998.9
9101
9102
9102
9109
998.4
9100
996.5
9117
9120
996.4
9103
999.6
9116
996.2
9113
9110
9110
997.0
997.8
9107
9106
9114
9102
9335
9164
9109
9111
9131
9108
9104
9128
9104
9135
9126
9132
9125
9123
9102
9121
9120
9141
9110
9101
9108
9102
997.2
995.6
9114
9101
9100
998.4
995.7
996.2
996.8
998.3
9129
996.8
9110
996.6
9102
997.8
996.2
997.0
995.3
997.5
995.6
999.4
995.3
997.3
9110
9105
996.9
995.5
997.4
997.5
9103
995.4
996.3
9107
997.9
997.4
997.6
995.9
997.2
9116
997.7
9100
998.8
997.0
996.8
999.9
9121
995.4
997.5
997.2
995.1
997.1
9105
9157
996.0
9101
9111
999.1
9113
9111
9109
9108
9108
9111
9107
9106
995.6
9128
9104
996.5
9102
9102
996.3
999.1
996.1
995.9
9121
995.5
995.9
995.4
997.7
997.6
996.9
995.3
996.0
996.1
9106
9118
997.6
9149
999.2
9106
9109
9114
9108
9110
9105
996.9
9119
9104
996.9
996.5
9129
997.0
997.3
997.4
998.1
999.9
996.3
996.2
998.1
9101
9101
9127
9106
9105
995.8
9102
9127
999.3
996.0
998.4
997.3
996.0
996.8
9155
995.5
9121
999.1
996.7
999.0
995.5
9127
9145
9103
9161
997.2
996.2
9148
9116
9123
9124
9121
9117
9117
9112
9137
9161
9138
9110
9108
9116
9108
9107
9105
9105
9105
9104
9104
9101
9102
9100
9156
9121
9103
996.9
9174
9119
9119
9119
9117
9117
9116
9115
9119
9116
9115
9126
9115
9109
999.8
9114
9110
9109
9106
996.4
9110
9104
9104
9105
9104
9102
9115
995.8
995.7
997.4
9176
9101
9154
998.0
9100
996.9
996.2
995.4
9103
996.4
995.5
999.4
999.5
9106
996.1
9106
9107
9114
9116
9105
997.4
995.7
997.7
998.3
997.0
995.7
998.9
995.5
999.5
996.7
998.9
997.4
9151
9101
996.7
997.6
9120
9100
9115
9119
9114
9112
9110
9125
9111
9107
9158
9131
9106
996.4
9105
9103
996.6
998.3
9120
995.7
996.5
997.0
997.8
999.2
9101
999.0
9101
999.6
995.5
9133
9115
9114
995.9
999.2
996.0
9100
9108
9101
9105
997.1
9106
9109
9106
997.0
997.1
998.6
9105
997.4
9104
9109
9132
9110
9105
996.5
9125
996.7
9120
9106
996.7
996.8
997.8
995.3
996.9
999.8
9105
9115
996.7
9113
9106
9106
9108
9104
995.3
9132
9105
9109
9109
9136
9109
9108
9110
9117
9105
995.8
9104
9105
9105
9101
9107
996.3
998.9
998.0
995.4
995.8
999.0
995.5
9103
9126
996.2
995.5
999.1
998.3
998.4
9117
9118
9118
9113
995.9
998.0
996.7
999.5
997.6
995.8
9137
9112
9113
9135
9110
9109
9110
9108
9108
9111
9106
9106
9105
9131
9102
9149
9102
9101
9102
997.9
997.0
997.1
996.0
9118
9118
9116
9117
9117
9118
9118
9116
9116
9115
9112
9110
9110
9109
9110
9112
9107
9105
9108
9119
9123
9105
9103
9127
9103
9103
9102
999.3
9111
9122
999.1
9122
9120
999.1
9103
9120
9119
9117
9117
9117
9115
9116
9115
9114
9114
9114
9112
9110
9111
9111
9109
9108
9106
9106
9105
9109
9126
9129
9124
9101
9138
9124
998.9
998.9
9122
9119
9118
9118
9118
9143
9117
9116
9117
9115
996.7
9112
999.0
996.3
996.8
996.6
996.8
998.2
997.7
997.2
996.3
998.3
998.9
998.9
996.3
996.0
995.8
9111
9101
9123
9122
9118
9139
9116
9116
996.1
995.8
996.1
9112
9111
9111
9112
9100
995.7
9106
9132
9105
9102
999.9
999.6
999.5
997.9
9101
9100
998.2
996.7
9120
9120
9121
9118
9117
995.9
996.8
9116
9114
9107
9111
9133
9108
9105
9106
997.2
995.7
9107
995.1
996.6
999.4
996.3
999.7
999.4
998.7
997.5
9101
9128
999.6
9120
9116
9115
9117
9123
9113
9112
9123
9112
9111
9108
9109
9108
9110
9107
9115
9103
9105
39103

ime=98.3
ime=97.5
ime=101
ime=97.1
ime=98.8
ime=381
ime=211
ime=101
ime=99.4
97.0
98.7
97.8
99.5
99.0
97.2
102
130
98.9
98.5
97.8
97.1
101
107
101
433
264
97.3
109
99.1
97.3
96.7
119
218
501
885
722
547
459
648
468
275
230
246
228
562
444
253
100
97.7
98.6
96.7
97.4
133
97.4
97.8
97.3
98.9
97.6
101
97.6
96.7
99.2
106
99.3
98.7
832
669
466
276
98.0
96.7
105
98.3
98.9
100
99.2
951
775
599
442
244
98.6
98.5
105
102
97.2
492
328
124
98.7
98.3
101
97.7
466
291
104
98.2
97.6
99.5
101
98.2
123
128
102
99.1
97.5
97.7
100
109
99.1
97.9
98.2
101
538
367
172
97.7
100
97.8
97.7
101
97.5
104
98.1
98.4
98.1
98.5
98.6
98.1
97.2
100
100
99.5
98.2
656
481
292
97.3
127
100
98.0
100
96.7
99.4
97.9
104
910
738
548
389
189
98.2
99.7
98.2
96.3
97.3
100
99.1
97.9
99.4
97.9
101
549
381
202
102
98.3
99.2
98.3
97.5
98.7
98.1
98.4
97.2
103
97.9
104
97.7
98.2
99.1
97.0
104
98.8
98.4
98.7
96.5
99.1
97.5
97.6
97.3
98.1
97.4
102
98.2
98.3
97.7
102
99.1
97.9
97.5
99.0
98.1
98.8
99.4
98.7
97.8
97.0
97.4
99.2
99.7
98.6
98.2
99.2
99.7
97.5
98.7
99.5
98.1
97.4
100
98.1
98.6
98.8
137
97.8
99.0
141
102
98.5
151
98.8
103
153
99.3
154
135
98.1
162
138
99.6
164
98.2
96.6
106
97.9
98.3
101
99.2
96.7
101
99.1
98.4
97.9
98.5
147
97.8
98.8
99.4
98.2
99.2
97.1
98.1
98.6
98.6
97.0
97.6
97.7
102
99.3
100
96.7
96.7
139
98.9
103
99.4
98.6
104
96.9
98.7
293
173
99.5
99.3
99.0
99.1
97.8
97.6
97.9
98.8
121
102
99.0
97.7
98.6
98.7
100
99.6
98.2
95.9
98.7
98.4
102
97.5
98.1
97.3
105
98.1
98.8
99.7
97.6
97.5
99.1
97.5
97.3
98.8
98.7
97.7
96.9
98.4
96.8
97.8
101
98.4
99.0
98.3
97.5
98.7
98.5
98.8
99.8
97.3
96.6
98.9
98.7
97.7
99.0
98.7
97.3
98.6
132
345
246
128
161
99.5
110
99.0
97.8
99.8
112
247
105
170
131
98.9
110
98.3
97.5
104
128
158
176
286
98.2
97.4
97.3
98.5
97.7
98.8
98.8
99.5
98.3
97.6
101
98.0
102
97.3
114
97.8
97.7
98.0
97.7
98.0
98.5
98.1
96.9
104
108
119
111
121
137
287
112
101
100
98.5
97.2
107
98.8
99.1
97.7
99.5
110
98.5
98.2
123
100
97.9
97.8
97.7
98.6
96.4
98.9
98.2
97.5
97.8
97.8
98.8
96.2
96.7
98.4
99.2
97.3
97.2
98.5
99.6
98.8
98.8
99.1
97.6
99.0
99.3
97.7
98.0
98.7
98.6
107
99.3
100
97.5
101
98.3
99.8
98.2
98.4
98.7
98.8
103
99.3
98.8
101
100
99.2
99.4
99.0
97.6
101
97.4
97.5
99.5
99.0
98.3
97.3
137
98.8
107
96.8
97.5
99.1
98.3
98.9
102
97.9
97.7
96.9
97.1
98.8
97.1
101
97.0
99.6
97.1
97.5
98.1
98.7
98.7
104
97.9
97.5
97.7
99.0
97.5
103
97.5
100
98.2
97.6
99.1
99.3
96.8
97.4
121
98.2
100
98.9
112
100
99.2
99.5
98.0
98.7
98.4
99.7
103
99.4
97.6
97.4
98.2
98.0
98.3
96.8
103
96.3
97.1
97.4
97.6
97.6
97.4
97.0
168
100
97.7
96.5
97.2
97.1
111
99.7
101
100
97.7
113
153
99.1
99.3
96.6
97.4
97.5
99.9
98.5
98.2
97.6
96.9
98.3
107
97.4
96.5
97.5
101
100
99.4
98.5
101
111
97.9
99.1
100
98.0
99.4
97.6
97.9
98.8
97.9
104
98.6
99.8
97.8
102
105
97.1
98.1
98.4
99.9
99.6
99.5
168
149
97.9
132
154
98.1
156
105
136
99.0
165
97.2
98.7
97.5
154
98.8
128
96.4
98.8
133
97.9
166
99.0
143
100
98.9
96.6
98.7
117
99.6
98.7
98.2
99.0
98.3
97.6
100
100
103
97.8
102
101
97.1
98.9
101
98.4
98.2
101
100
103
97.5
98.9
120
100
97.8
98.3
100
99.7
98.8
97.5
97.1
99.1
99.8
99.0
223
139
232
145
103
104
99.1
205
106
99.6
98.2
107
107
99.7
102
127
99.2
106
99.1
97.9
97.4
100
98.3
99.6
98.4
98.3
97.5
98.5
98.7
96.9
98.2
97.9
99.0
98.5
98.0
266
96.8
99.7
104
100
158
110
100
99.4
98.3
98.1
100
97.3
97.9
107
101
100
97.2
97.8
100
103
99.9
99.2
99.7
97.5
97.5
99.0
97.8
98.8
100
99.2
98.5
98.9
99.6
98.2
98.3
97.7
98.3
98.6
98.9
97.7
98.9
97.7
98.5
98.3
98.3
102
99.0
97.8
96.5
97.0
97.8
99.3
97.0
98.0
97.1
98.1
101
100
97.2
98.4
98.8
99.2
97.2
101
99.1
96.8
97.5
97.1
100
100
97.2
99.0
96.4
97.1
98.1
97.8
96.2
103
97.4
97.8
101
98.8
100
101
98.6
96.8
97.7
103
98.6
96.9
99.3
98.1
101
97.6
96.9
99.5
99.4
112
97.2
101
99.3
103
97.8
98.2
97.2
97.6
101
98.4
101
100
98.9
97.0
99.5
98.5
248
97.2
99.7
97.0
99.5
97.9
97.2
97.5
105
102
102
99.1
97.1
97.0
98.5
97.8
97.1
97.5
97.4
97.4
97.4
99.2
98.9
97.4
99.0
97.8
97.1
104
97.2
97.1
101
96.6
98.1
97.5
98.1
97.9
97.0
99.5
96.9
97.5
97.6
99.7
97.2
150
98.8
97.2
97.1
98.0
104
103
96.4
98.3
98.8
98.5
96.7
96.2
102
455
360
168
107
97.6
96.9
99.2
100
162
114
193
105
99.2
97.6
120
109
343
301
108
98.3
98.4
397
193
102
197
146
107
98.8
96.6
99.1
98.9
96.9
97.9
99.2
97.1
99.6
96.8
99.3
98.8
97.9
98.2
98.5
98.0
101
97.7
99.1
99.2
101
97.9
99.1
98.8
97.8
97.1
98.0
96.6
99.2
98.7
96.4
97.0
98.8
97.5
98.5
98.2
96.4
97.7
100
105
96.6
100
98.8
98.8
109
103
98.9
102
99.3
96.9
97.1
100
104
97.8
120
99.2
97.3
97.8
103
97.6
98.2
97.6
98.2
98.4
99.0
98.3
98.1
98.5
100
98.2
96.0
128
96.3
97.1
138
96.9
98.7
136
97.5
117
148
96.5
171
152
97.6
143
98.9
156
137
98.0
161
142
96.8
167
96.8
145
97.9
148
96.9
147
101
97.0
97.6
143
103
99.2
150
97.9
136
97.6
100
99.6
139
96.9
97.1
102
96.6
98.4
100
99.2
100
98.3
99.3
98.3
97.7
99.6
99.0
99.6
99.0
97.5
97.0
96.6
101
100
104
97.7
98.5
96.8
98.7
98.2
100
98.4
98.7
98.1
102
99.2
97.1
99.4
98.0
96.4
110
101
98.4
98.9
96.7
99.8
97.6
99.0
98.6
99.1
97.8
97.6
97.2
99.0
98.9
99.4
96.8
97.2
102
99.3
98.8
101
105
100
99.0
98.3
98.0
96.7
98.4
100
106
96.3
99.3
100
96.5
141
96.7
97.2
98.1
99.0
97.9
96.3
99.2
98.9
99.0
101
98.0
98.5
97.9
387
217
99.3
118
101
96.9
100
97.9
100
103
98.0
97.4
273
223
98.2
99.0
100
97.7
97.9
99.6
98.8
97.1
104
99.6
100
96.8
98.0
99.1
98.7
99.6
100
100
99.9
99.0
98.0
102
187
97.3
97.4
97.5
156
143
99.6
111
98.1
98.1
97.0
99.1
97.5
381
249
98.0
99.2
98.3
108
96.8
99.5
97.0
99.0
101
99.9
104
98.1
97.5
99.6
99.8
100
99.1
98.1
99.2
97.6
99.0
96.6
101
98.0
98.8
99.7
98.5
96.3
97.3
104
99.5
98.5
96.5
97.7
99.0
97.8
97.1
108
99.5
98.8
97.0
97.7
97.2
98.3
101
101
101
98.5
97.1
99.0
96.3
103
102
100
97.6
97.5
98.5
96.7
101
103
98.8
97.2
97.5
101
97.5
97.8
97.7
305
120
97.2
97.6
99.2
110
99.2
99.0
103
97.2
99.2
99.3
99.3
97.4
99.3
268
98.5
101
99.7
98.4
97.8
98.5
98.3
97.9
98.2
97.4
98.4
98.2
96.6
97.0
96.7
274
99.5
98.5
100
256
98.8
98.3
188
97.9
101
444
262
99.7
97.3
98.6
101
99.3
98.8
99.7
123
96.9
98.5
97.2
242
162
100
139
98.6
97.8
106
98.0
100
100
98.3
97.2
98.8
98.9
97.7
102
99.2
99.2
98.6
98.1
96.6
180
98.5
174
99.4
98.0
97.5
98.3
97.6
98.2
98.5
116
98.3
98.4
100
99.2
99.0
99.2
99.0
96.9
101
102
99.2
98.8
99.9
104
97.4
301
553
415
269
102
98.1
106
100
100
320
136
261
664
844
1131
1165
1060
870
886
707
531
371
230
131
221
99.6
97.1
119
96.9
297
126
98.1
98.0
438
281
99.3
99.9
96.8
99.3
97.2
178
115
101
99.2
101
106
104
98.0
100
98.1
101
97.5
99.0
98.8
99.3
98.1
98.4
97.5
98.3
97.7
104
97.8
102
100
100
96.8
97.8
98.5
99.5
98.7
126
99.5
97.4
104
98.8
109
99.0
98.3
97.0
96.8
98.6
98.1
98.8
101
99.3
96.0
99.0
98.2
99.1
98.5
96.6
99.9
98.0
97.4
96.5
96.6
118
99.7
97.5
98.3
102
98.8
98.2
96.9
96.5
97.4
99.2
98.0
98.9
98.5
98.3
97.1
99.1
99.8
98.8
96.9
103
212
107
98.6
98.2
97.2
105
98.4
101
104
98.4
97.5
97.9
102
99.8
223
132
115
105
99.4
98.1
99.2
131
208
99.2
105
97.5
96.5
97.0
103
98.6
98.3
97.1
98.0
99.1
97.8
101
96.3
97.1
98.3
129
99.6
96.7
97.5
99.9
98.1
98.5
98.3
97.7
98.4
97.8
97.5
99.6
99.4
96.3
98.1
97.6
100
97.8
128
98.8
102
97.7
99.7
98.4
101
97.5
98.8
125
99.3
110
97.8
99.5
96.2
97.9
98.4
98.8
97.7
99.5
157
96.9
97.8
97.0
99.7
97.3
99.0
99.5
98.6
97.8
105
99.0
243
140
98.4
317
565
493
289
97.7
96.3
99.0
99.4
101
98.5
98.2
97.7
98.5
99.1
97.9
101
97.3
97.7
101
104
203
97.7
99.9
99.0
98.9
106
99.8
170
186
98.5
97.6
97.9
98.7
98.9
97.1
99.8
98.3
97.7
97.7
99.1
96.3
106
97.8
102
97.8
98.6
110
131
101
100
97.5
98.9
98.6
98.2
98.5
98.0
109
122
375
569
540
410
564
505
279
155
155
396
313
116
100
132
97.3
116
99.2
98.1
100
97.7
98.7
98.4
98.2
100
97.6
97.4
98.5
97.7
98.2
98.3
99.2
96.6
98.1
97.3
98.4
98.9
98.7
108
97.8
98.5
110
96.9
107
96.7
98.8
97.3
98.6
98.2
100
97.6
97.8
96.8
98.7
98.1
97.9
97.5
98.0
98.1
98.3
100
98.5
96.7
97.7
98.5
98.5
106
99.0
285
111
101
99.9
99.5
98.2
102
96.8
98.2
97.5
99.5
103
97.8
99.4
99.1
97.1
99.0
96.6
96.7
101
97.6
101
97.6
98.7
96.7
98.4
97.3
98.8
97.8
102
97.4
99.1
106
98.0
98.1
99.7
97.9
98.3
96.8
97.4
99.0
99.1
96.4
99.1
97.1
98.0
98.0
99.0
97.9
99.1
100
102
101
105
98.1
99.0
98.3
100
102
158
139
100
164
99.7
141
99.2
98.0
147
98.1
97.6
147
97.4
620
415
217
102
164
99.4
142
98.2
97.1
98.3
106
101
98.5
99.5
309
318
193
99.7
135
97.8
97.4
97.3
97.5
101
98.7
104
97.2
97.9
98.3
97.1
98.7
97.9
99.7
98.5
97.9
99.2
97.8
99.0
96.3
97.6
99.7
98.1
98.0
98.3
98.9
96.7
97.2
97.1
97.5
98.1
99.2
96.6
96.5
98.5
97.6
97.8
102
95.9
97.3
98.2
98.7
98.0
98.4
99.5
96.1
98.6
98.1
98.3
101
100
96.6
98.1
98.3
98.5
97.3
98.9
97.8
97.9
98.3
97.2
98.1
123
98.6
98.5
97.2
125
98.6
98.1
101
100
97.6
96.5
96.8
97.7
120
96.4
97.1
98.1
99.2
97.2
98.1
97.0
98.4
118
535
788
854
846
857
677
517
327
134
141
97.3
103
101
180
96.7
98.1
99.4
156
97.9
97.5
99.5
97.2
97.1
98.4
99.2
98.7
97.6
97.6
97.9
122
98.5
98.1
97.3
98.7
98.4
97.7
98.7
98.0
101
99.1
96.9
99.0
96.6
98.9
97.2
100
99.4
96.2
96.8
99.0
98.1
100
96.8
98.7
98.1
101
97.6
97.9
98.1
98.3
97.6
105
98.8
96.9
98.5
98.9
99.2
99.2
96.8
98.0
98.2
98.8
201
99.4
98.5
98.1
99.3
98.7
96.8
99.5
97.6
98.0
97.3
98.5
104
98.1
99.6
96.8
107
99.3
100
97.8
101
98.8
104
98.1
97.4
105
97.6
103
98.8
97.3
104
98.5
98.0
97.2
98.2
96.8
98.4
99.4
364
555
406
209
98.8
98.7
98.3
105
97.7
97.1
98.4
103
103
99.3
96.5
97.6
97.4
97.3
97.9
171
97.8
98.0
98.2
97.3
98.4
97.5
97.2
97.4
97.9
98.9
98.8
117
98.8
100
381
354
616
680
584
492
371
370
245
306
544
497
320
420
662
498
474
409
281
198
358
327
293
446
501
421
425
626
621
503
495
583
678
656
420
376
374
500
564
565
585
857
822
686
808
676
672
585
543
411
593
515
299
411
702
741
650
597
702
772
717
806
712
680
650
678
742
837
812
802
753
696
684
638
561
711
560
444
320
136
110
100
105
98.8
97.7
236
109
98.6
98.9
99.6
97.8
98.8
98.8
99.9
99.1
237
549
579
379
304
204
102
97.9
123
97.2
156
97.0
129
97.7
97.5
98.0
139
266
159
140
98.4
163
144
174
97.8
250
192
175
98.6
358
155
99.6
133
98.8
157
139
97.8
161
98.6
141
97.5
99.8
97.3
146
105
98.2
155
97.2
98.5
97.7
99.1
104
99.8
96.7
98.0
184
97.2
97.2
97.9
96.9
179
101
98.1
97.8
98.7
98.2
96.7
99.0
99.9
97.4
98.1
98.9
107
100
98.2
98.7
100
97.8
98.3
99.4
108
99.5
99.2
186
139
211
215
132
98.1
98.1
101
98.4
101
101
97.9
99.3
98.1
100
101
98.9
96.6
98.5
98.2
97.7
97.4
104
131
98.5
104
157
169
400
426
240
102
99.6
106
96.1
97.2
113
140
199
101
100
98.3
97.3
96.8
98.1
99.8
97.0
96.8
99.1
96.8
98.5
98.9
99.7
195
98.4
98.4
99.4
98.4
99.1
105
102
99.6
99.0
97.6
96.8
99.1
98.4
98.1
97.0
98.3
98.0
109
100
97.6
96.9
97.5
97.4
113
99.5
97.3
98.7
98.0
99.5
98.2
96.9
119
98.0
99.1
101
99.1
99.0
98.2
98.8
98.4
101
99.8
99.0
98.1
97.6
98.8
97.0
98.5
98.2
99.0
108
98.2
98.2
99.3
99.8
98.0
98.6
99.1
123
97.9
99.7
97.6
99.7
99.1
100
98.8
98.2
97.6
114
308
227
184
275
144
201
207
220
217
234
226
261
242
107
98.7
99.1
98.8
97.3
98.0
97.9
98.2
97.5
97.8
153
98.8
99.7
98.6
115
107
118
104
96.5
205
213
133
97.7
99.3
99.8
97.1
100
97.8
97.6
97.9
98.3
96.7
98.7
97.2
97.8
97.6
97.2
99.1
118
99.2
98.7
97.0
179
100
98.9
100
97.9
98.1
98.6
98.0
99.1
99.2
97.8
96.5
98.7
98.3
96.9
98.7
97.8
99.3
96.3
97.6
97.1
97.0
98.3
97.3
98.1
97.0
98.2
99.3
98.4
100
98.3
98.6
97.1
98.3
98.3
98.1
99.4
98.1
101
97.6
99.5
97.3
97.9
97.1
98.2
99.5
97.4
96.6
98.2
96.7
103
97.5
97.9
98.9
98.9
101
97.1
100
98.0
107
101
105
99.3
107
98.8
97.9
97.9
98.9
98.9
119
97.6
99.2
98.3
97.6
99.6
98.0
98.0
97.7
96.4
98.1
224
96.8
97.0
98.4
97.9
98.8
98.1
97.2
97.4
99.0
101
99.0
100
97.1
97.2
98.0
97.3
98.5
98.7
96.8
112
213
184
98.4
97.7
107
98.7
98.6
97.4
98.8
96.9
98.8
98.5
98.4
115
98.0
98.0
101
98.5
97.0
98.2
98.3
96.5
98.6
97.4
99.4
98.5
97.8
192
410
346
283
248
98.7
98.7
140
97.3
130
97.1
101
140
97.1
163
98.8
141
98.0
96.9
148
96.6
125
157
97.8
143
96.5
97.1
98.1
150
97.3
141
108
97.4
98.9
99.0
97.2
101
127
96.8
97.5
99.2
104
96.9
98.3
98.7
97.0
99.5
98.8
98.1
98.1
98.7
98.2
302
183
104
97.7
96.3
98.1
97.5
505
357
193
98.0
101
96.6
97.7
99.2
98.6
96.6
97.0
100
98.1
99.1
112
98.2
98.3
97.7
97.4
99.0
97.7
98.5
99.0
96.6
98.8
98.5
96.7
98.6
99.9
105
98.1
99.8
97.9
97.5
101
98.5
98.4
97.5
100
99.0
96.6
113
98.1
98.7
98.6
97.7
101
111
116
98.9
97.7
98.9
96.7
97.4
99.2
97.2
106
99.2
98.0
97.7
99.8
134
98.6
97.9
97.2
102
141
97.9
102
97.8
268
98.5
129
246
98.5
98.1
98.9
96.3
97.4
98.8
99.0
97.9
97.7
100
98.3
97.9
98.9
99.1
97.9
97.8
98.4
107
99.1
99.0
98.3
96.4
99.2
99.0
96.9
97.0
102
99.0
96.6
97.6
97.3
99.6
97.7
99.4
100
97.3
97.1
97.4
98.3
99.6
99.9
98.4
96.9
99.4
98.7
98.6
104
97.3
96.4
97.3
98.7
97.8
98.1
97.4
99.1
98.8
99.6
98.6
97.2
97.6
97.7
97.9
99.1
101
99.3
96.4
97.6
100
171
98.4
98.1
97.2
98.8
99.2
97.4
96.7
98.2
96.9
98.1
97.6
99.1
97.6
98.1
174
119
99.7
98.7
101
105
98.2
97.1
97.5
105
104
280
99.2
97.7
96.7
97.3
97.3
98.1
96.6
96.8
98.8
98.5
99.6
102
99.0
98.2
98.9
99.5
101
99.2
98.0
98.2
128
98.4
98.7
101
99.3
97.1
99.5
98.2
99.2
97.8
97.7
100
98.2
97.9
98.2
98.1
97.7
99.2
101
97.7
96.6
98.7
106
98.5
98.3
98.4
99.1
99.3
109
103
97.1
98.9
98.7
99.5
98.0
97.0
105
693
541
379
190
110
189
99.3
103
105
98.9
97.9
97.6
98.0
97.4
102
120
177
98.2
99.4
100
101
103
103
117
135
109
98.8
98.7
99.2
97.4
98.8
96.7
102
97.9
99.1
97.0
159
96.1
96.9
97.4
98.2
97.7
100
98.1
97.6
99.7
100
98.3
98.5
97.3
102
101
277
98.0
122
96.6
98.4
97.3
98.0
98.1
97.1
101
300
160
97.9
102
99.9
96.4
113
98.2
321
224
120
99.7
101
97.9
97.4
98.1
97.4
98.3
98.6
203
575
984
901
713
552
365
173
151
98.7
174
155
96.9
131
98.9
99.3
138
98.1
96.9
143
97.2
98.6
98.1
153
98.9
131
99.7
97.6
187
273
190
97.2
102
118
304
107
109
98.6
101
99.9
98.0
97.2
187
108
98.9
110
97.6
191
109
98.8
170
384
505
652
489
297
537
402
207
330
783
741
574
482
342
266
123
101
96.2
99.8
97.2
98.8
97.1
98.4
99.1
104
99.0
107
98.7
97.6
99.4
97.7
98.4
107
103
99.8
179
99.3
98.7
99.0
98.2
97.8
97.8
99.7
106
96.8
97.3
100
97.9
100
103
101
100
98.1
99.5
97.9
97.5
98.2
98.3
99.1
99.9
97.6
180
388
642
781
583
666
595
402
208
99.6
98.6
98.3
97.3
98.4
102
97.4
101
98.4
98.4
99.1
98.5
99.1
97.6
98.7
158
295
385
388
350
348
192
98.0
96.7
99.0
100
99.2
96.4
97.7
97.1
98.6
97.9
99.6
98.0
206
99.3
96.9
99.8
97.0
114
96.6
110
98.3
104
99.2
128

104
102
101
99
81
76
77
93
74
76
92
90
83
82
79
78
86
84
83
81
75
87
75
76
95
75
78
99
75
79
96
92
92
89
75
76
89
88
86
76
75
76
75
75
76
81
78
75
75
75
75
75
80
94
96
94
85
77
75
76
75
76
75
96
92
92
89
76
76
84
83
77
85
86
86
85
84
82
81
79
78
161
100
100
97
95
95
75
77
77
82
88
86
75
87
89
88
87
88
86
83
82
80
79
102
104
99
78
78
100
98
97
96
76
93
91
90
88
87
86
85
84
83
83
75
76
78
102
99
102
76
95
94
91
89
75
76
80
79
75
75
80
79
78
78
77
75
142
101
81
74
96
95
93
91
79
80
90
87
84
76
76
76
79
78
80
76
78
99
77
75
82
76
89
87
78
75
91
75
75
78
75
79
94
92
91
75
74
86
94
92
75
75
76
80
75
79
83
81
75
76
75
79
82
76
83
78
139
82
78
75
76
76
75
87
86
84
83
81
74
75
75
75
88
86
84
83
81
75
77
93
85
91
89
87
86
89
74
90
89
90
86
77
83
82
85
83
77
76
75
84
79
103
77
100
76
76
76
76
75
97
84
75
95
76
76
97
78
104
81
102
80
103
77
100
99
98
96
75
76
96
95
93
92
94
94
92
75
101
100
79
96
98
97
78
83
109
108
74
77
84
112
81
78
80
105
80
79
76
76
81
79
76
79
85
80
77
98
97
75
82
98
95
94
86
80
78
83
85
78
104
85
101
99
98
124
74
97
75
97
95
94
92
91
89
90
76
86
86
76
76
91
90
89
88
87
86
85
83
83
82
79
78
101
101
99
98
99
96
75
94
75
77
80
95
94
98
96
96
97
75
90
75
75
85
88
84
92
74
76
75
74
75
88
76
88
95
96
75
74
97
75
98
75
76
75
75
82
82
75
75
75
93
76
77
79
76
75
86
84
83
84
74
82
81
79
78
76
76
81
80
75
78
78
76
75
79
75
85
86
86
74
83
81
81
79
85
75
77
83
85
83
86
75
75
75
79
77
75
87
172
110
76
75
74
87
75
95
94
93
75
92
91
93
91
87
76
84
82
75
83
81
74
78
76
99
97
97
95
75
93
75
91
91
75
93
75
97
94
93
76
75
98
96
95
92
92
89
88
75
85
85
84
85
75
75
82
75
75
76
76
76
95
77
77
75
91
80
79
75
74
90
89
79
87
75
75
91
75

75
75
88
87
87
86
87
75
75
75
75
77
77
76
92
75
76
75
90
76
75
76
78
98
99
84
74
75
76
75
75
75
76
75
96
94
78
76
75
75
76
75
76
75
76
75
75
106
76
94
106
78
75
75
78
76
75
76
75
77
75
83
75
78
82
81
79
77

75
83
75
77
74
75
75
83
76
75
79
76
75
75
75
76
77
75
94
81
77
78
76
75
77
80
78
75
75
75
76
80
76
82
78
75
77
76
75
78
76
74
100
80
99
97
76
76
76
76
88
76
92
76
91
77
76
75
75
75
75
75
76
89
75
84
82
75
75
86
78
85
100
133
92
79
76
75
93
87
87
87
87
87
87
86
89
88
88
88
88
88
86
88
88
88
89
89
89
88
89
88
89
88
88
88
88
92
89
88
87
87
89
88
88
88
91
88
87
89
89
89
89
88
89
87
86
87
87
87
87
87
87
87
94
87
87
86
89
87
87
87
87
89
86
87
87
86
87
86
87
87
87
86
87
87
87
87
87
87
87
87
86
87
87
87
87
87
87
87
88
87
87
87
86
87
87
87
87
87
86
87
86
87
87
87
87
87
87
87
86
87
87
87
87
87
87
87
87
86
87
87
86
87
125
86
87
87
86
86
87
90
87
87
87
87
87
87
90
87
90
87
87
86
87
87
87
87
87
89
87
87
86
87
87
86
87
87
88
86
87
87
87
87
87
87
86
87
87
87
87
86
87
87
176
187
91
114
136
87
87
87
87
87
87
87
87
87
86
87
86
87
87
87
87
87
87
87
87
87
87
87
86
87
87
87
87
87
87
87
87
87
87
87
87
87
87
87
87
86
87
87
87
87
87
86
87
87
87
87
87
87
86
87
87
87
87
87
87
87
86
87
87
87
87
87
86
87
87
86
87
87
87
87
87
87
87
86
87
87
87
87
90
87
86
87
87
87
87
87
87
89
86
87
86
87
87
87
87
87
87
87
87
87
86
87
87
87
87
87
86
87
87
87
87
86
87
87
87
87
87
86
87
87
87
87
87
87
87
87
87
87
87
87
87
87
87
87
87
87
87
86
87
87
87
87
87
87
87
87
87
87
87
87
87
86
87
87
87
87
87
87
87
87
87
87
87
87
87
87
87
87
87
87
87
87
87
87
87
87
87
87
87
87
86
87
87
87
87
86
87
87
87
87
87
90
87
86
87
87
87
87
87
87
86
87
87
87
86
87
87
87
87
87
87
87
87
87
87
87
87
87
88
87
87
87
87
87
87
87
87
88
87
87
86
89
87
87
86
87
87
87
87
87
87
87
87
87
87
89
87
87
87
87
87
87
87
87
91
86
87
87
87
87
87
87
87
87
87
87
87
87
87
87
87
87
87
87
87
86
87
87
87
87
86
87
87
87
86
87
87
87
87
86
96
87
87
87
87
87
87
87
87
87
87
87
86
87
86
87
87
87
87
87
87
87
87
87
87
87
87
86
87
87
87
87
87
87
86
87
87
87
87
87
87
87
87
87
87
87
87
87
87
87
87
87
87
87
87
87
87
87
87
87
87
87
87
87
87
86
87
87
87
87
87
87
88
87
86
87
87
87
87
87
87
87
87
87
86
87
87
86
87
87
87
87
87
86
87
86
87
87
87
87
87
87
87
87
86
87
86
86
87
87
87
87
87
87
87
87
87
87
87
87
86
87
87
87
87
87
87
87
87
87
87
87
87
87
87
90
86
87
87
87
87
87
87
87
87
87
87
87
86
87
87
87
87
87
87
87
87
87
86
87
87
86
87
87
87
87
87
87
87
87
86
91
87
87
87
87
87
87
87
87
87
87
87
86
87
87
87
86
87
88
87
87
87
87
87
87
87
87
87
87
87
86
87
87
87
87
86
87
87
87
86
87
87
87
87
87
87
87
87
87
87
87
87
87
87
87
87
87
87
87
87
87
86
87
87
87
87
87
86
87
87
87
87
87
87
87
87
87
87
87
86
87
87
87
86
86
87
87
87
87
87
87
87
87
87
86
87
87
87
86
87
87
87
87
87
87
87
86
87
87
87
87
87
87
87
87
87
87
87
86
87
87
87
87
87
87
87
87
87
87
86
87
86
87
86
122
87
87
87
87
87
87
87
87
87
87
87
86
87
87
88
87
87
87
87
87
87
87
87
87
87
87
87
87
87
87
87
87
87
86
87
87
86
87
87
87
87
87
87
86
87
86
87
87
87
87
86
87
87
87
87
87
87
87
87
86
87
87
87
87
87
87
87
87
87
87
87
87
87
87
87
87
87
87
87
87
87
87
87
87
87
87
87
87
87
87
87
87
87
87
87
87
87
87
87
87
87
87
87
87
93
87
87
87
87
86
86
87
87
89
87
87
87
87
87
87
87
87
90
87
87
87
87
87
87
87
87
91
87
87
87
87
87
87
87
87
91
86
87
87
87
87
87
86
87
91
87
87
86
87
87
87
87
87
88
87
87
87
87
87
87
87
87
92
87
87
87
87
87
87
87
87
87
87
87
87
87
87
86
87
87
87
87
87
87
87
87
87
87
87
87
87
87
86
87
87
87
87
87
87
87
87
87
87
87
87
87
87
87
87
86
86
87
87
87
87
86
86
86
87
87
87
87
87
87
87
87
87
87
87
87
87
87
87
87
87
87
87
86
87
86
87
87
87
86
87
87
87
87
87
87
87
87
87
87
87
87
87
87
87
87
87
87
86
87
87
87
87
87
87
87
87
87
87
87
87
87
87
87
86
87
87
87
87
87
87
87
87
87
87
87
87
87
87
86
87
87
87
87
86
87
87
86
87
87
87
87
87
86
87
87
86
86
87
87
87
87
87
87
87
87
87
87
87
87
87
87
87
87
87
87
87
87
87
87
87
87
87
87
87
87
86
86
87
87
87
87
87
87
87
87
87
87
87
87
86
87
86
87
87
87
87
87
87
87
87
87
87
87
86
87
87
87
87
87
87
87
87
87
87
86
87
87
87
87
87
87
87
87
87
87
87
87
87
87
87
87
87
87
87
87
87
87
87
87
87
87
87
87
87
86
87
87
87
87
87
87
87
87
87
87
87
87
87
87
88
87
87
87
87
87
87
87
87
87
87
87
87
87
87
87
87
87
87
86
87
87
87
87
87
88
87
86
87
87
87
87
87
87
87
87
87
87
87
87
87
87
87
87
87
87
87
87
87
87
87
87
87
87
87
87
86
87
87
87
87
87
87
87
87
87
87
87
87
87
87
87
87
87
87
86
86
87
87
87
87
87
87
87
87
87
86
87
87
87
87
87
87
87
87
86
87
87
87
87
87
86
87
87
87
87
87
87
86
87
87
87
87
87
87
87
87
86
87
87
87
87
87
87
86
87
87
87
87
86
87
87
87
87
87
87
87
87
87
87
87
87
87
87
87
87
87
87
87
87
87
86
87
86
86
87
87
87
87
87
87
87
86
87
87
87
87
87
86
87
106
104
87
87
87
87
87
87
87
87
87
87
87
87
87
87
87
87
87
93
87
87
87
87
87
87
87
87
87
87
86
87
86
87
87
87
87
91
86
87
87
87
87
87
87
86
89
87
87
87
87
87
87
87
87
87
87
87
87
87
87
87
87
87
87
87
87
87
87
87
87
87
87
87
87
87
87
87
87
87
87
87
87
87
87
87
87
87
87
87
87
87
87
87
87
87
87
87
86
87
87
87
87
87
87
86
87
87
87
87
87
87
87
86
87
87
87
87
87
87
87
87
87
87
87
87
87
87
87
87
86
87
87
87
87
87
87
87
87
87
86
87
86
87
87
87
86
87
87
87
87
86
87
87
87
87
87
86
87
87
87
87
87
87
87
86
87
87
87
87
86
87
87
87
87
87
87
86
87
86
87
87
87
87
87
87
87
86
87
87
87
87
86
87
87
87
87
87
87
87
86
87
87
87
87
87
87
87
86
87
87
87
87
87
86
87
87
87
87
86
87
87
87
87
87
87
87
87
87
86
87
87
87
87
87
87
87
87
87
87
87
89
87
87
87
87
86
86
87
87
86
87
87
87
87
87
87
87
87
87
86
87
87
87
87
87
87
86
87
87
87
87
87
86
87
87
87
87
87
87
87
87
87
87
87
86
87
87
87
87
87
87
87
87
87
87
87
87
87
87
87
87
87
87
87
87
87
87
87
87
87
87
87
87
89
87
87
87
87
87
87
87
87
86
87
87
87
87
87
87
87
86
86
87
87
87
87
87
87
87
86
87
87
87
87
87
87
86
87
87
87
87
86
87
87
87
87
87
87
87
87
87
86
87
87
87
87
87
87
86
86
87
87
87
87
87
87
87
87
87
87
87
87
87
87
87
87
87
87
87
87
87
87
87
87
86
87
86
87
87
87
87

87
86
87
86
86
87
86
87
86
87
86
87
86
87
86
87
86
87
86
87
86
86
87
86
87
86
87
87
87
86
86
87
86
87
87
86
86
87
86
87
87
87
87
87
86
86
87
87
86
87
86
91
87
87
86
86
86
86
87
87
91
86
87
86
87
87
86
87
86
89
86
87
87
86
87
87
87
87
89
86
86
87
87
87
86
86
86
86
87
86
87
87
86
87
86
87
86
87
86
87
87
87
87
87
87
87
87
87
87
87
87
87
87
87
86
87
86
87
86
86
87
87
87
86
87
87
87
87
86
86
86
86
86
87
86
87
86
87
86
87
87
87
86
86
86
86
87
87
87
86
87
87
87
87
92
87
87
87
86
86
86
86
87
87
87
87
87
87
86
87
86
87
86
86
86
86
87
87
87
86
87
87
86
87
87
87
86
87
87
87
87
87
87
87
87
109
87
86
86
87
87
87
86
87
86
87
87
86
87
86
87
86
86
87
87
87
86
86
86
86
87
86
86
93
87
87
86
86
87
87
87
87
88
86
86
86
86
87
87
87
87
87
87
86
87
87
87
87
87
87
87
87
87
87
86
86
87
87
86
87
87
87
86
86
86
87
86
87
86
87
86
87
87
86
86
86
87
87
87
87
87
87
87
87
87
86
86
87
87
86
86
87
87
87
87
87
86
87
86
86
86
87
86
87
87
87
86
86
86
87
87
87
87
87
87
86
87
86
86
86
87
87
86
86
86
87
87
90
87
86
86
86
86
87
86
87
86
86
87
86
87
87
86
87
87
87
87
87
87
86
87
87
87
86
87
87
87
87
87
87
86
86
86
87
87
87
86
87
86
87
86
87
87
87
87
86
86
91
87
87
87
87
86
87
86
87
87
87
87
87
87
86
87
87
86
87
86
87
87
87
87
91
86
87
91
88
87
86
87
87
87
86
87
90
86
87
86
87
87
87
86
86
90
87
87
86
87
87
87
87
86
87
86
87
87
86
87
86
87
87
87
87
87
87
86
86
87
87
87
86
86
87
87
87
87
87
87
86
87
87
86
87
87
87
87
86
87
87
87
86
87
86
86
87
87
87
86
87
87
87
87
87
87
87
87
88
86
86
87
86
87
86
87
86
87
87
86
87
87
87
87
86
86
86
86
87
87
86
87
87
86
87
87
86
87
86
87
87
87
86
87
87
86
86
87
87
87
87
87
86
86
87
87
86
87
88
87
87
87
87
86
87
86
87
90
87
86
86
86
87
86
86
87
87
87
86
87
86
87
87
86
87
87
87
87
87
86
87
86
87
86
86
87
86
86
86
87
86
87
86
86
86
87
86
87
87
87
86
87
87
87
86
87
87
87
86
87
87
86
86
87
86
87
87
86
87
86
86
87
87
87
87
87
87
86
87
87
87
87
87
86
86
86
86
86
87
87
87
86
87
86
87
86
87
87
87
87
86
87
87
87
86
87
86
87
87
87
87
87
87
87
87
87
86
86
87
86
86
87
86
86
86
86
87
87
87
86
86
86
87
87
86
86
86
87
87
87
87
87
86
86
87
86
87
86
87
86
86
87
87
87
87
87
87
87
87
87
86
87
87
87
87
87
87
87
86
86
86
87
87
87
87
86
87
87
86
86
87
87
87
87
86
86
87
86
87
87
87
87
87
87
86
87
87
87
87
87
86
86
87
87
86
87
87
87
87
87
87
86
87
87
87
87
87
87
87
87
87
87
86
87
86
87
86
86
87
87
86
86
86
87
87
87
86
87
86
87
87
86
87
86
87
87
87
87
87
86
87
87
87
87
86
87
87
86
120
86
87
87
87
86
87
86
87
87
86
87
87
86
87
87
87
87
86
87
86
86
87
86
87
87
87
87
86
87
87
87
87
87
87
86
87
87
87
86
86
87
86
87
87
86
87
91
86
87
86
87
86
86
86
87
87
87
87
87
87
87
87
86
87
88
87
87
87
87
87
87
86
87
91
87
87
87
87
86
87
87
86
87
87
86
86
87
87
87
87
87
88
86
87
86
86
87
87
87
87
87
86
87
87
86
87
87
86
87
90
86
87
87
86
86
87
87
87
88
86
87
86
86
87
87
86
87
87
87
87
86
87
87
87
87
87
88
86
87
87
86
86
87
87
86
87
87
86
87
86
87
87
87
86
86
86
86
86
87
87
87
86
86
87
87
86
86
86
87
87
86
86
87
86
87
87
87
86
87
87
86
86
87
87
86
86
87
86
86
87
86
87
86
87
86
87
87
86
86
86
87
86
86
87
86
87
87
87
86
87
87
87
87
87
86
86
87
87
87
86
87
86
86
86
86
87
86
87
86
87
87
87
86
87
86
87
86
87
87
87
86
86
86
87
86
87
87
86
87
86
87
86
87
86
86
87
87
86
86
87
86
87
87
87
87
86
86
87
87
87
87
87
86
86
86
87
87
86
87
86
86
87
87
86
87
86
87
87
87
87
87
87
86
87
86
87
86
87
87
87
86
87
87
86
87
87
87
86
87
87
87
86
87
86
86
87
86
86
86
87
86
86
87
86
86
87
87
89
88
87
86
86
87
86
86
87
87
87
86
87
87
87
87
87
86
86
86
87
87
87
86
87
86
86
86
86
87
87
87
87
87
87
86
87
87
87
86
86
86
86
87
86
87
86
86
86
87
86
86
87
87
86
86
87
86
87
86
86
87
86
86
86
86
87
86
87
86
86
87
87
87
87
87
86
87
87
86
86
86
87
86
87
87
91
86
87
87
87
86
87
87
87
90
87
86
86
86
87
87
87
87
90
87
87
87
87
87
86
87
87
87
87
86
86
87
87
87
87
86
87
86
87
86
87
86
87
87
87
87
87
86
86
87
87
87
87
87
87
87
87
87
87
87
87
86
87
86
87
87
87
87
87
86
86
87
87
87
86
86
87
87
87
87
86
86
86
86
87
87
86
87
86
87
87
86
87
87
87
87
87
87
87
86
87
86
87
87
87
87
86
86
87
86
87
86
87
87
86
86
87
89
86
87
86
87
86
86
87
86
86
87
86
87
87
87
86
86
87
86
86
87
87
93
87
87
87
87
87
87
87
86
86
87
87
86
87
86
87
87
87
87
87
87
87
87
87
87
86
87
87
87
87
86
87
87
86
87
87
86
87
86
87
87
86
87
86
86
87
86
87
127
86
129
90
103
87
86
86
86
86
86
87
88
86
87
87
87
87
87
87
87
89
86
87
87
87
86
86
87
87
88
87
87
87
87
87
87
86
88
86
86
86
87
87
87
86
86
87
87
87
87
86
87
87
87
87
86
87
86
87
87
87
86
86
87
86
87
87
86
87
86
90
87
87
87
87
87
86
86
87
94
87
87
87
87
86
87
87
87
89
86
86
86
87
87
87
87
87
90
86
87
87
87
87
87
87
86
91
86
87
86
86
87
86
87
87
90
87
87
87
86
86
86
86
86
87
87
87
86
86
87
87
87
87
86
87
87
86
86
87
86
87
87
86
87
86
87
87
87
86
86
87
86
87
86
86
86
87
86
87
86
87
87
86
87
87
86
87
87
87
86
87
86
86
87
87
86
87
87
87
86
86
86
87
87
86
87
87
87
86
86
87
87
87
87
87
86
87
87
87
87
87
90
87
86
87
87
87
87
86
87
88
86
87
87
87
86
86
86
86
86
86
87
87
87
86
87
87
86
87
87
86
87
87
87
86
87
86
86
86
87
86
86
87
86
86
86
87
87
86
87
86
86
86
87
87
87
87
87
87
87
87
87
86
87
87
86
87
86
87
86
86
87
87
87
86
87
86
87
87
86
86
87
86
87
87
86
87
86
86
87
87
86
86
87
87
87
86
87
86
86
87
86
87
87
87
87
86
86
87
87
86
87
87
87
86
87
86
87
87
86
86
87
87
87
87
87
86
87
87
87
87
86
86
87
87
86
87
86
87
87
87
87
86
87
87
86
87
87
86
86
86
87
87
87
86
88
86
86
86
87
87
86
87
87
88
87
87
87
87
87
86
87
86
87
87
86
86
86
86
87
87
87
87
86
87
87
87
86
87
87
87
86
86
86
87
86
87
87
87
86
87
86
86
86
86
87
86
86
86
87
86
86
87
86
88
88
87
86
87
87
86
86
86
86
87
86
86
86
87
86
86
86
87
87
87
87
87
86
87
87
86
86
87
86
87
87
86
87
86
87
86
86
86
86
87
87
86
87
87
86
87
87
86
87
87
87
87
86
87
86
87
86
87
86
86
86
86
86
87
87
86
88
87
87
89
86
87
86
86
87
87
86
87
86
86
86
87
86
86
86
87
86
86
87
87
87
86
86
86
87
86
86
87
86
87
86
86
87
86
86
86
87
87
87
87
87
87
87
87
87
87
87
87
86
87
87
87
87
87
87
87
88
87
87
86
87
86
87
87
87
89
87
86
87
87
88
87
87
87
87
86
87
87
87
87
86
86
87
87
87
87
87
87
87
87
86
87
86
87
87
86
87
86
87
87
86
87
87
86
86
87
87
87
87
87
87
87
87
87
87
88
86
86
119
86
87
86
87
87
86
86
87
87
86
87
87
86
87
87
87
86
87
87
87
86
86
86
86
87
86
87
87
87
87
86
86
87
86
87
87
87
87
87
86
87
86
87
87
87
87
87
86
86
87
87
86
87
86
87
94
87
87
86
87
87
86
86
86
87
87
87
87
87
87
87
87
86
87
86
87
86
87
86
86
86
86
86
86
87
87
87
86
87
87
87
87
87
87
87
87
87
86
86
87
87
86
86
87
87
87
86
86
87
87
87
86
87
87
86
86
86
87
86
87
87
87
87
91
87
86
86
87
86
87
86
87
88
87
87
86
86
87
86
86
87
87
87
87
86
87
86
86
87
86
87
86
87
87
86
87
86
86
87
86
88
86
87
87
87
87
87
87
87
87
86
86
87
87
87
87
86
86
86
87
87
86
86
87
87
86
86
86
87
86
87
87
87
87
87
86
86
86
87
86
86
86
86
87
86
87
87
86
86
87
87
87
86
87
87
87
87
87
87
87
87
87
87
87
87
87
86
87
87
87
86
87
87
86
86
86
86
87
86
87
87
89
86
86
86
87
87
87
87
86
88
86
87
87
87
87
86
87
87
86
86
86
87
86
86
87
86
86
86
86
87
87
87
87
87
87
86
88
87
86
86
87
87
87
87
87
87
86
87
86
87
86
86
86
87
87
87
87
87
87
87
87
87
87
86
86
87
87
87
87
86
86
87
86
87
87
86
86
89
87
87
87
87
86
87
87
86
89
87
86
87
86
86
86
87
87
87
86
86
86
86
87
86
87
87
87
87
86
86
87
86
87
87
87
87
87
86
87
87
87
86
87
87
87
86
87
86
87
87
87
87
86
86
86
86
86
87
87
86
87
86
87
87
86
86
86
87
86
87
87
87
86
86
87
87
87
86
87
87
87
87
87
87
87
87
87
87
87
87
87
87
87
86
87
87
87
86
87
87
87
87
87
87
86
87
87
87
87
87
87
87
88
86
87
86
87
87
87
86
87
87
87
86
86
87
87
87
87
86
87
87
87
86
87
87
86
87
86
87
87
87
87
86
86
87
87
87
86
87
87
87
86
87
87
87
87
87
87
87
87
87
87
87
86
86
87
87
87
87
87
86
86
87
86
87
87
87
87
86
87
87
87
87
87
87
86
87
86
87
86
86
87
87
86
86
86
87
87
87
87
87
87
86
87
87
87
86
86
87
87
87
87
87
87
87
87
87
86
87
87
86
87
86
87
87
86
87
87
86
86
87
87
87
86
86
87
86
86
87
87
87
86
87
86
87
87
87
87
87
87
86
87
87
86
87
87
87
87
87
87
86
87
87
86
87
86
87
86
86
87
87
86
87
86
87
87
87
87
87
125
86
86
87
87
87
87
87
87
87
87
87
87
87
87
87
89
87
87
86
90
86
87
87
87
87
87
87
87
87
87
87
86
86
86
87
86
87
87
86
87
86
87
87
87
86
87
87
87
87
86
87
87
86
87
86
86
87
87
87
86
87
87
87
86
86
86
86
87
86
87
87
86
87
86
87
87
87
86
86
87
87
86
86
87
87
87
86
86
86
86
87
87
87
87
86
87
87
87
87
87
87
87
88
86
87
86
86
86
86
87
86
87
87
87
87
86
87
87
87
86
86
87
87
86
87
86
87
86
86
87
87
86
87
87
87
86
87
87
86
87
87
87
87
87
87
87
86
87
87
87
87
87
87
86
86
87
87
87
86
87
86
87
87
87
86
86
87
86
87
87
87
87
86
87
87
86
87
87
87
87
87
86
87
87
87
86
87
87
86
87
86
87
87
86
86
87
86
86
86
86
86
86
87
87
87
87
86
87
87
87
87
87
86
87
87
86
87
86
86
86
87
87
86
87
87
87
87
87
86
86
86
87
87
87
87
87
86
87
87
87
87
86
87
87
86
86
87
87
87
86
86
87
87
87
86
87
87
86
86
86
87
87
87
86
87
87
87
87
86
87
86
87
87
87
87
87
87
87
86
87
86
87
87
87
87
86
87
87
87
87
87
87
86
87
86
86
87
87
86
87
87
87
87
87
87
86
87
87
87
87
87
89
86
86
87
86
87
86
87
87
86
87
86
87
86
87
86
87
87
86
87
87
86
86
86
86
86
87
86
86
86
87
87
87
86
87
91
87
87
86
87
87
87
87
86
88
87
86
86
87
87
87
86
87
87
87
87
87
87
87
87
87
87
89
86
86
86
87
87
87
87
87
88
87
87
87
87
87
87
87
87
87
87
87
87
87
87
87
86
87
87
87
87
86
87
87
86
87
87
87
87
87
87
87
87
87
86
87
89
87
87
87
86
86
87
87
87
88
86
87
87
87
86
86
87
87
88
87
87
87
86
87
87
87
87
87
86
86
87
87
86
86
87
86
87
87
87
87
86
87
87
87
87
93
87
87
87
87
87
87
87
86
89
87
86
87
86
87
86
86
87
87
87
87
86
87
87
86
87
86
87
86
87
87
87
86
87
87
87
86
86
87
86
87
87
86
87
87
87
87
87
87
87
87
87
87
87
87
87
87
87
86
87
87
87
87
87
87
87
86
87
87
87
86
87
86
86
86
86
87
87
87
87
86
87
87
87
86
87
87
86
87
86
87
86
86
87
87
87
86
87
87
87
87
86
86
87
86
87
87
87
87
87
86
87
87
86
86
86
86
87
86
86
87
86
87
86
86
87
86
86
87
86
87
90
86
86
87
87
94
113
86
87
87
87
87
87
86
87
87
87
87
87
87
86
87
87
87
86
87
87
87
86
87
87
87
86
87
87
87
86
86
86
87
86
87
87
87
87
87
87
87
86
86
86
87
87
86
87
87
87
87
87
86
87
87
86
87
86
87
87
86
91
86
86
86
87
87
86
87
87
87
87
87
86
87
87
87
86
87
87
87
86
87
86
87
87
87
87
86
87
87
87
87
87
86
87
87
87
86
86
87
86
87
87
87
87
87
87
86
87
86
87
87
86
86
86
87
86
87
86
87
87
86
87
87
87
86
86
86
86
86
87
87
86
86
87
87
87
87
86
87
86
86
87
87
86
86
87
86
87
86
86
87
86
87
86
87
86
87
86
87
87
87
86
86
86
87
86
87
87
86
86
86
87
87
87
86
87
87
86
87
87
87
87
86
87
87
86
86
87
86
87
86
87
86
87
87
87
86
87
87
87
86
86
87
87
87
87
86
87
86
87
87
87
87
87
86
87
87
87
87
86
86
87
86
86
87
86
86
86
86
86
86
86
87
87
87
86
87
87
87
86
87
87
87
87
87
87
86
86
87
86
87
87
87
86
87
87
87
87
87
87
87
87
87
87
87
87
87
87
86
87
86
86
87
87
86
87
87
87
87
86
86
86
86
86
86
87
86
87
86
87
87
87
87
87
87
87
86
87
87
87
87
87
87
87
87
86
87
87
87
87
86
87
87
86
87
87
86
87
86
87
87
87
87
86
87
87
86
86
87
87
86
86
87
86
87
87
87
87
86
86
86
86
86
86
86
87
86
87
87
86
87
86
86
86
86
86
87
86
87
87
86
87
87
87
86
86
86
87
87
87
86
86
87
86
87
86
87
87
87
87
87
87
86
86
86
87
87
86
87
87
87
86
86
86
87
87
86
87
86
87
86
87
87
86
87
87
86
87
86
87
86
87
87
87
95
86
86
87
87
86
87
86
86
86
86
86
87
86
86
86
87
87
87
87
87
86
86
87
87
88
87
86
87
86
87
87
87
87
87
86
87
86
86
87
86
87
86
86
87
87
87
87
86
86
87
87
86
86
87
86
86
87
86
87
87
86
86
87
87
86
88
86
86
86
86
87
86
86
87
87
86
86
87
87
86
86
87
87
87
86
87
87
86
86
87
86
87
86
87
87
87
87
86
86
87
87
87
86
86
86
87
86
87
87
87
86
87
87
86
87
89
86
87
87
87
87
86
87
87
89
87
87
87
87
86
87
87
87
87
87
87
87
87
87
87
87
87
87
87
87
87
87
87
87
87
87
86
87
86
87
87
87
86
86
86
87
86
87
87
87
86
86
87
87
87
87
87
86
87
87
87
86
87
86
87
87
86
110
87
86
87
87
87
87
87
87
87
87
87
86
87
88
87
87
87
86
86
87
87
86
87
86
87
86
86
86
87
87
86
87
87
87
86
87
86
87
86
86
87
87
87
86
86
87
87
86
87
86
87
86
87
86
86
87
87
87
87
86
87
87
86
86
86
87
86
86
87
86
87
87
87
86
86
87
87
87
87
87
87
87
87
86
87
86
86
86
87
86
86
87
87
87
87
87
87
87
87
86
86
86
87
86
87
86
86
87
87
87
86
86
87
87
87
86
87
87
87
86
87
86
87
87
87
86
86
86
87
87
87
87
87
87
87
86
86
87
87
87
87
87
87
86
87
87
87
87
86
86
87
87
86
86
86
87
87
87
86
86
87
86
87
87
87
86
86
87
86
87
86
87
86
87
86
87
93
87
87
86
86
87
87
87
86
90
87
87
88
87
87
86
86
86
88
86
87
86
87
87
87
87
87
87
86
86
86
87
86
87
87
86
87
87
86
87
87
87
87
87
87
87
86
87
87
86
87
87
86
87
87
87
87
87
87
87
87
86
87
87
87
87
87
86
86
86
86
86
86
87
87
86
87
87
87
87
87
87
86
86
87
87
86
87
86
86
86
87
87
86
87
87
87
87
86
87
87
87
87
87
87
87
87
87
86
86
87
86
87
86
87
86
86
88
87
87
86
87
87
86
86
87
87
87
87
87
86
86
87
87
87
86
86
86
87
87
86
87
86
87
87
87
87
86
87
86
87
86
86
87
86
86
86
86
87
87
86
87
87
86
86
87
87
87
86
86
87
86
87
87
87
86
86
87
87
87
87
87
87
87
87
86
86
87
86
87
87
86
87
86
87
87
86
87
86
86
86
87
87
87
87
87
87
87
87
87
87
86
86
86
87
87
86
86
86
87
86
87
87
87
87
86
86
86
86
86
88
87
86
87
86
87
87
87
87
89
87
86
87
87
86
87
87
86
87
86
87
87
87
86
87
86
87
86
86
87
87
86
86
87
87
87
86
87
87
87
87
87
86
86
87
87
87
87
87
87
86
86
87
86
86
87
86
86
86
87
87
87
87
87
86
87
87
87
87
86
87
87
86
87
86
86
86
87
87
87
86
87
86
87
86
87
87
87
87
87
87
87
86
86
87
86
86
86
87
86
87
87
87
87
87
87
86
86
87
86
87
87
87
86
86
87
86
86
86
86
86
87
87
87
87
86
87
87
86
87
87
87
87
86
86
86
86
87
87
87
86
87
87
87
86
86
86
87
86
87
87
86
87
87
86
87
86
86
87
87
87
87
87
86
86
87
87
86
87
87
86
86
87
86
86
86
87
87
86
87
86
86
87
87
87
87
87
86
87
86
86
87
86
97
114
96
118
121
86
87
86
86
87
87
87
87
87
87
86
86
87
86
87
87
87
86
87
87
86
87
86
87
87
86
87
87
87
87
87
87
86
87
86
87
87
87
87
86
86
86
86
86
87
86
87
86
86
87
86
87
87
86
87
86
86
86
86
87
86
86
87
86
87
87
86
86
86
87
87
87
87
87
87
87
87
87
87
87
87
87
87
87
87
86
87
87
86
87
86
87
87
86
87
87
87
86
86
87
87
86
87
86
86
86
86
86
87
87
87
86
87
87
86
86
87
106
87
87
87
87
86
86
86
86
86
86
86
86
87
86
87
86
87
87
86
87
86
87
87
87
86
87
87
86
86
87
87
87
87
87
86
87
87
87
86
86
87
87
87
87
87
87
87
87
86
86
86
87
86
87
87
86
87
87
87
87
87
86
87
86
86
87
86
87
86
87
86
87
86
86
86
86
86
87
87
87
86
87
86
87
87
87
87
87
87
87
87
86
87
87
87
87
86
86
86
87
86
87
86
86
87
87
87
87
86
87
87
86
86
87
86
87
87
87
87
87
86
86
86
87
86
87
87
86
87
87
86
87
86
87
87
86
87
87
87
87
87
87
86
87
86
87
86
86
87
87
86
87
86
86
87
87
87
87
87
86
86
87
87
87
87
86
86
87
87
87
87
87
87
87
87
87
86
87
87
86
86
87
87
87
87
87
86
87
86
87
87
87
86
87
86
87
87
86
87
87
87
87
86
86
86
86
86
87
86
86
86
87
87
86
86
86
86
87
87
86
86
86
87
86
86
87
87
87
86
87
86
86
86
86
86
86
87
89
86
86
87
86
86
87
87
87
87
87
86
86
86
87
87
86
87
86
87
86
86
87
86
86
86
87
87
86
86
86
86
87
87
87
87
87
86
87
87
86
87
87
87
86
87
86
86
87
86
87
87
86
87
86
87
87
87
87
87
87
87
86
87
87
87
87
87
86
87
87
87
87
87
86
86
87
88
87
87
87
87
87
86
87
86
89
87
86
87
87
87
86
86
87
88
87
86
87
87
87
86
87
86
87
87
87
86
86
90
86
87
87
86
86
87
86
86
86
86
87
86
86
87
87
87
87
87
87
87
86
86
87
87
86
87
87
86
87
87
87
86
86
87
86
87
86
86
86
87
86
86
86
87
86
87
86
87
87
87
87
87
87
87
87
87
87
87
87
86
86
87
86
87
87
87
87
86
87
86
86
87
86
86
87
86
87
86
87
86
87
86
87
86
87
87
87
86
87
86
86
87
87
86
86
87
86
87
86
86
86
86
87
87
87
87
86
86
86
86
87
86
89
87
87
87
87
86
87
87
86
88
87
86
86
87
87
86
86
87
87
87
87
87
120
86
87
87
86
88
87
87
87
86
87
87
86
87
88
87
87
87
87
87
87
87
87
87
87
87
86
87
86
87
87
86
88
87
87
87
87
86
87
86
86
87
87
87
86
87
87
86
87
86
87
86
86
87
86
87
87
87
87
87
86
87
87
87
87
86
87
87
87
87
87
87
86
87
87
87
87
89
86
86
87
87
87
86
87
86
88
86
87
87
87
86
87
87
86
86
87
86
87
86
86
86
87
87
87
87
87
86
86
87
87
87
87
87
87
87
86
86
86
86
87
87
87
87
86
86
86
86
86
87
91
87
86
87
86
87
87
87
87
86
87
87
87
86
87
87
86
87
87
87
86
87
86
87
92
87
87
87
87
87
87
87
86
87
87
86
87
87
87
86
87
87
87
87
87
86
87
87
86
87
86
86
86
86
87
86
86
86
87
87
90
86
87
87
86
86
87
87
87
87
86
86
87
87
87
87
87
86
87
87
87
87
87
87
87
87
87
86
87
87
87
87
86
86
87
87
86
87
87
87
86
87
87
86
87
87
86
87
86
87
86
87
86
87
87
86
87
87
87
87
86
86
87
86
86
87
86
86
87
87
87
87
92
86
87
87
86
86
86
87
87
87
87
86
87
87
87
86
87
87
86
87
87
87
86
87
87
87
87
86
87
86
86
86
86
86
87
86
86
87
87
86
87
86
86
87
87
87
87
87
86
86
86
87
87
87
86
87
87
86
87
87
87
86
87
87
86
87
87
87
86
86
86
87
86
87
87
87
87
86
86
87
87
87
87
87
87
86
87
87
86
87
87
87
86
87
87
87
87
87
86
87
87
87
87
87
87
87
87
86
87
86
86
87
86
86
87
87
86
86
86
86
86
86
87
87
87
87
87
86
87
87
87
86
86
86
86
87
87
87
86
87
86
90
87
86
86
87
87
87
87
86
87
87
86
87
86
87
87
87
87
87
87
86
87
87
87
87
87
86
87
86
86
87
87
86
87
87
86
87
87
87
86
86
87
87
87
86
87
87
86
87
86
88
86
87
87
87
86
86
86
87
87
86
87
87
87
87
87
87
86
87
87
86
87
87
86
87
87
87
87
86
87
87
87
86
86
86
86
87
87
87
87
86
87
87
86
87
86
87
86
87
87
87
86
86
86
87
86
86
87
86
87
87
87
86
86
87
86
87
87
87
87
87
86
87
87
87
86
87
87
86
86
86
87
86
86
87
87
87
87
87
86
87
87
86
87
86
87
86
87
87
87
91
87
87
87
87
87
86
87
87
87
87
86
87
87
87
87
86
86
86
86
87
87
87
86
87
86
87
87
86
86
87
86
87
87
87
87
87
86
86
87
87
87
86
87
87
87
87
87
122
87
86
86
86
86
87
86
86
87
86
87
87
87
86
86
87
87
87
87
87
87
87
87
86
86
86
86
87
86
87
87
87
87
86
86
86
86
86
87
87
87
86
87
87
87
87
87
87
86
86
89
87
86
87
87
86
87
87
87
86
87
87
87
87
87
86
86
86
86
87
86
87
87
86
87
87
86
87
86
86
87
86
87
86
87
87
86
87
86
86
87
89
86
87
87
86
87
86
87
87
86
87
87
86
87
86
86
87
87
86
86
87
87
87
87
86
87
87
87
87
87
87
86
87
87
87
87
87
87
86
87
87
87
87
87
87
87
87
87
87
87
86
87
86
87
86
87
87
86
87
87
87
86
87
87
87
86
86
86
87
87
86
86
87
87
87
87
87
87
87
87
87
87
87
87
87
87
87
87
86
87
87
87
86
86
87
87
87
87
86
86
87
90
86
87
87
87
87
87
87
86
90
87
87
87
87
87
87
87
87
89
87
87
87
87
86
87
86
87
89
86
87
87
87
91
87
86
87
87
87
86
87
94
126
90
151
115
88
87
87
87
86
86
87
86
86
87
87
87
87
87
87
87
87
87
87
87
86
86
87
86
87
87
87
88
87
87
87
87
87
87
87
87
87
86
87
87
86
86
87
86
87
87
86
87
87
86
86
87
86
87
87
87
86
87
87
87
87
87
87
87
86
126
87
87
87
87
87
87
87
87
86
86
87
86
86
87
87
87
87
87
86
87
89
87
87
86
87
86
86
88
87
87
91
87
88
87
86
87
87
88
89
87
88
87
86
86
87
122
95
87
87
87
87
87
86
87
86
87
87
87
87
87
86
87
86
86
87
86
87
87
87
87
87
87
87
87
88
87
87
87
87
87
87
86
87
90
87
87
87
87
87
87
86
87
91
87
87
87
86
86
87
87
87
87
87
87
86
86
87
87
87
86
89
87
86
87
87
87
87
87
87
87
87
87
87
87
87
87
87
87
87
86
87
87
87
87
87
87
87
93
87
87
88
87
87
86
86
87
90
87
87
86
87
87
87
87
87
88
87
86
87
87
87
87
88
87
87
86
87
87
87
86
87
87
87
87
88
87
86
87
87
86
86
87
87
87
87
87
87
87
86
87
87
86
86
87
87
87
86
86
87
87
87
87
86
87
86
86
87
86
87
99
86
87
87
87
87
87
86
87
87
87
87
86
87
87
86
86
87
87
87
87
87
87
86
86
87
87
86
87
86
87
87
87
86
87
87
87
87
87
87
87
87
87
87
87
87
87
87
87
86
88
87
86
86
87
87
87
87
86
87
86
86
87
87
86
87
87
87
86
87
87
87
87
87
87
87
87
86
87
87
86
87
87
87
87
87
88
87
87
87
87
87
87
87
87
86
87
87
87
87
86
87
87
87
87
87
87
86
87
87
87
87
87
89
86
87
87
87
87
86
87
87
87
87
87
87
86
87
87
86
87
87
87
87
87
87
87
90
87
87
87
87
87
87
87
87
86
87
87
87
87
86
87
87
86
87
87
86
87
87
87
87
87
86
86
87
87
86
87
86
87
87
87
87
87
87
87
87
87
88
87
87
87
87
87
87
87
87
86
86
87
87
87
87
87
87
87
86
87
87
87
87
86
87
87
87
87
86
87
86
86
87
87
87
87
87
87
86
87
86
86
87
87
87
87
87
87
87
87
87
87
86
87
87
87
87
87
87
87
86
87
87
87
86
87
87
87
86
87
86
87
86
87
87
87
87
87
87
87
87
87
87
87
87
87
87
86
86
87
87
87
86
87
87
86
87
87
86
86
86
86
87
87
87
87
86
87
86
87
87
87
87
87
86
87
86
87
87
87
87
87
87
87
87
87
86
87
87
86
87
87
86
87
87
87
87
87
86
86
87
87
87
86
87
87
87
87
86
87
87
87
87
87
87
87
86
87
87
87
86
87
87
87
87
86
87
86
86
86
87
86
87
86
86
86
87
87
87
87
87
86
87
87
86
87
87
87
87
86
87
87
87
86
87
87
87
87
87
87
86
87
86
86
86
87
87
87
87
87
87
87
87
87
90
87
87
87
87
86
87
87
87
86
87
87
87
87
87
87
87
87
87
87
87
87
89
87
87
87
87
87
87
87
86
87
87
87
87
87
87
87
87
87
89
87
87
87
123
87
87
87
87
87
86
87
87
87
87
88
87
87
86
86
87
87
86
87
87
87
87
87
87
87
87
87
87
87
87
87
86
87
86
87
87
86
87
87
87
87
87
86
86
87
88
87
87
86
92
87
87
87
87
87
86
86
87
88
86
87
87
87
86
87
86
87
89
86
86
87
87
86
86
87
87
87
87
87
87
87
87
87
87
87
89
87
87
87
87
87
87
87
87
87
87
87
86
86
87
87
87
87
87
86
87
87
86
87
87
86
87
87
87
87
87
87
87
87
86
87
87
87
86
86
87
87
87
87
86
87
87
87
86
86
87
87
87
87
87
87
87
86
87
87
87
87
86
87
87
87
87
86
87
86
87
87
87
87
87
87
87
87
87
87
87
86
87
86
86
87
86
86
86
87
87
87
87
87
87
86
87
87
87
87
87
87
86
87
86
86
86
87
86
87
87
87
87
86
86
86
87
87
87
87
86
87
87
86
87
87
87
86
86
86
87
87
87
87
86
87
87
87
87
87
87
86
87
86
86
87
86
87
87
91
86
87
87
87
87
87
87
87
91
87
87
87
87
87
87
87
86
86
87
86
87
87
87
87
87
86
90
86
87
86
87
87
86
86
87
93
87
86
87
86
87
87
86
86
91
87
87
86
86
87
86
86
87
87
87
87
86
87
87
87
87
87
89
87
86
87
87
87
87
87
87
93
87
87
87
87
87
86
86
87
86
86
87
87
87
86
87
87
87
88
87
87
87
86
87
87
87
87
89
87
87
87
87
87
87
87
86
87
87
92
87
86
87
86
87
87
86
87
87
87
87
87
87
87
87
87
87
87
87
86
87
87
86
87
86
87
87
87
87
87
87
87
87
87
87
87
86
86
87
86
87
87
87
87
87
87
87
86
87
87
87
87
87
86
87
87
87
87
87
87
87
87
87
87
87
87
87
87
86
87
87
86
87
87
87
86
87
87
90
87
87
87
87
87
86
87
87
87
87
87
87
86
87
86
87
87
87
87
86
87
87
87
87
86
87
86
87
87
87
87
87
87
86
87
87
87
86
87
86
86
87
87
86
86
87
86
87
86
87
86
86
87
86
87
87
86
87
87
87
87
87
94
86
86
86
86
87
86
87
87
90
87
87
87
87
87
87
87
86
90
87
87
86
86
87
87
87
86
90
87
87
86
87
86
87
88
86
89
87
87
86
89
87
86
87
87
91
87
87
87
86
87
86
87
87
87
87
86
86
86
87
87
87
87
89
86
87
86
87
87
87
87
86
89
87
87
87
86
87
87
86
87
87
87
87
87
87
87
87
87
87
90
86
87
87
87
87
86
87
87
88
87
87
87
87
87
87
87
86
88
87
87
87
87
87
87
87
87
89
87
87
87
86
87
86
87
86
87
87
87
87
87
87
87
87
87
89
87
87
87
87
87
87
87
87
90
86
87
87
87
87
87
87
87
88
87
87
87
87
87
87
87
86
93
87
87
86
87
87
87
87
87
91
86
87
87
86
87
87
87
86
88
87
87
86
86
87
87
87
87
87
87
87
87
87
86
87
87
87
88
86
87
87
87
87
87
86
88
87
86
87
87
87
86
86
86
87
87
87
87
86
86
87
87
87
87
86
87
87
87
86
87
87
87
87
87
87
86
87
87
87
86
87
87
87
86
87
87
86
86
87
87
87
87
86
87
86
86
87
87
89
87
87
87
87
87
87
87
87
86
87
87
87
86
87
86
87
87
87
87
87
87
87
86
86
86
87
87
86
86
87
86
87
87
86
87
87
87
87
86
87
87
87
87
87
87
86